  2.8000000e+001  1.5020850e-002
  2.9000000e+001  1.3255640e-002
  3.0000000e+001  9.3007366e-003
  3.1000000e+001  6.1260144e-003
  3.2000000e+001  4.3243825e-003
  3.3000000e+001  3.6908947e-003
  3.4000000e+001  3.5764228e-003
  3.5000000e+001  4.2342094e-003
  3.6000000e+001  4.9932743e-003
  3.7000000e+001  5.7116358e-003
  3.8000000e+001  6.4680444e-003
  3.9000000e+001  7.7047148e-003
  4.0000000e+001  8.8850971e-003
  4.1000000e+001  9.6675879e-003
  4.2000000e+001  9.1885377e-003
  4.3000000e+001  8.2654930e-003
  4.4000000e+001  7.4467989e-003
  4.5000000e+001  7.0981729e-003
  4.6000000e+001  6.8887816e-003
  4.7000000e+001  6.8131486e-003
  4.8000000e+001  6.8139483e-003
  4.9000000e+001  6.7186694e-003
  5.0000000e+001  6.5416194e-003
  5.1000000e+001  6.4919148e-003
  5.2000000e+001  6.6936564e-003
  5.3000000e+001  6.7749417e-003
  5.4000000e+001  6.7791403e-003
  5.5000000e+001  6.9736828e-003
  5.6000000e+001  7.1991293e-003
  5.7000000e+001  7.3856273e-003
  5.8000000e+001  7.5110264e-003
  5.9000000e+001  7.7803982e-003
  6.0000000e+001  8.1638099e-003
  6.1000000e+001  8.4492426e-003
  6.2000000e+001  8.5851831e-003
  6.3000000e+001  8.8558577e-003
  6.4000000e+001  8.9040273e-003
  6.5000000e+001  8.9203835e-003
  6.6000000e+001  8.7948178e-003
  6.7000000e+001  8.5248225e-003
  6.8000000e+001  8.1896934e-003
  6.9000000e+001  7.8216257e-003
  7.0000000e+001  7.5054797e-003
  7.1000000e+001  7.3840950e-003
  7.2000000e+001  7.2741557e-003
  7.3000000e+001  7.0772437e-003
  7.4000000e+001  6.8381099e-003
  7.5000000e+001  6.5943034e-003
  7.6000000e+001  6.3944968e-003
  7.7000000e+001  6.2720519e-003
  7.8000000e+001  6.2785586e-003
  7.9000000e+001  6.3698951e-003
  8.0000000e+001  6.3827363e-003
  8.1000000e+001  6.3279369e-003
  8.2000000e+001  6.2775804e-003
  8.3000000e+001  6.2207635e-003
  8.4000000e+001  6.2910241e-003
  8.5000000e+001  6.2725643e-003
  8.6000000e+001  6.1662612e-003
  8.7000000e+001  6.0660801e-003
  8.8000000e+001  5.9386247e-003
  8.9000000e+001  5.8681778e-003
  9.0000000e+001  5.9417535e-003
  9.1000000e+001  6.0299361e-003
  9.2000000e+001  6.0953689e-003
  9.3000000e+001  6.0712587e-003
  9.4000000e+001  5.9677654e-003
  9.5000000e+001  5.8414678e-003
  9.6000000e+001  5.7219159e-003
  9.7000000e+001  5.5960767e-003
  9.8000000e+001  5.4481463e-003
  9.9000000e+001  5.3867369e-003
  1.0000000e+002  5.3606329e-003
  1.0100000e+002  5.3990579e-003
  1.0200000e+002  5.4293211e-003
  1.0300000e+002  5.4484879e-003
  1.0400000e+002  5.3967746e-003
  1.0500000e+002  5.3117424e-003
  1.0600000e+002  5.2259381e-003
  1.0700000e+002  5.1424997e-003
  1.0800000e+002  5.1193471e-003
  1.0900000e+002  5.0984888e-003
  1.1000000e+002  5.1140400e-003
  1.1100000e+002  5.1152947e-003
  1.1200000e+002  5.0571897e-003
  1.1300000e+002  4.9860685e-003
  1.1400000e+002  4.8201457e-003
  1.1500000e+002  4.6499513e-003
  1.1600000e+002  4.5468369e-003
  1.1700000e+002  4.4479202e-003
  1.1800000e+002  4.3559848e-003
  1.1900000e+002  4.2699488e-003
  1.2000000e+002  4.2164899e-003
  1.2100000e+002  4.1854667e-003
  1.2200000e+002  4.1405023e-003
  1.2300000e+002  4.0309794e-003
  1.2400000e+002  3.9094269e-003
  1.2500000e+002  3.8868250e-003
  1.2600000e+002  3.8641665e-003
  1.2700000e+002  3.8437063e-003
  1.2800000e+002  3.8160423e-003
  1.2900000e+002  3.7758053e-003
  1.3000000e+002  3.7525991e-003
  1.3100000e+002  3.7130004e-003
  1.3200000e+002  3.6666793e-003
  1.3300000e+002  3.6226484e-003
  1.3400000e+002  3.5575065e-003
  1.3500000e+002  3.5284394e-003
  1.3600000e+002  3.5158800e-003
  1.3700000e+002  3.4958540e-003
  1.3800000e+002  3.4759084e-003
  1.3900000e+002  3.4563147e-003
  1.4000000e+002  3.4354329e-003
  1.4100000e+002  3.4332601e-003
  1.4200000e+002  3.4333767e-003
  1.4300000e+002  3.4253376e-003
  1.4400000e+002  3.4152248e-003
  1.4500000e+002  3.4082235e-003
  1.4600000e+002  3.3904281e-003
  1.4700000e+002  3.3612102e-003
  1.4800000e+002  3.3314172e-003
  1.4900000e+002  3.3013652e-003
  1.5000000e+002  3.2838635e-003
  1.5100000e+002  3.2656923e-003
  1.5200000e+002  3.2468103e-003
  1.5300000e+002  3.2243127e-003
  1.5400000e+002  3.1987703e-003
  1.5500000e+002  3.1721665e-003
  1.5600000e+002  3.1540463e-003
  1.5700000e+002  3.1347637e-003
  1.5800000e+002  3.1150124e-003
  1.5900000e+002  3.0954454e-003
  1.6000000e+002  3.0744892e-003
  1.6100000e+002  3.0501602e-003
  1.6200000e+002  3.0251677e-003
  1.6300000e+002  3.0199226e-003
  1.6400000e+002  3.0185481e-003
  1.6500000e+002  3.0154905e-003
  1.6600000e+002  3.0113111e-003
  1.6700000e+002  2.9939621e-003
  1.6800000e+002  2.9701536e-003
  1.6900000e+002  2.9429278e-003
  1.7000000e+002  2.9260144e-003
  1.7100000e+002  2.9317705e-003
  1.7200000e+002  2.9311413e-003
  1.7300000e+002  2.9251774e-003
  1.7400000e+002  2.9190649e-003
  1.7500000e+002  2.9127490e-003
  1.7600000e+002  2.9035345e-003
  1.7700000e+002  2.8867153e-003
  1.7800000e+002  2.8749201e-003
  1.7900000e+002  2.8708909e-003
  1.8000000e+002  2.8669942e-003
  1.8100000e+002  2.8569354e-003
  1.8200000e+002  2.8425841e-003
  1.8300000e+002  2.8180525e-003
  1.8400000e+002  2.7928526e-003
  1.8500000e+002  2.7654028e-003
  1.8600000e+002  2.7321580e-003
  1.8700000e+002  2.7101516e-003
  1.8800000e+002  2.6889947e-003
  1.8900000e+002  2.6674823e-003
  1.9000000e+002  2.6415748e-003
  1.9100000e+002  2.6174396e-003
  1.9200000e+002  2.6028884e-003
  1.9300000e+002  2.5885203e-003
  1.9400000e+002  2.5741998e-003
  1.9500000e+002  2.5566408e-003
  1.9600000e+002  2.5480699e-003
  1.9700000e+002  2.5428421e-003
  1.9800000e+002  2.5375390e-003
  1.9900000e+002  2.5321613e-003
  2.0000000e+002  2.5254959e-003
  2.0100000e+002  2.5143316e-003
  2.0200000e+002  2.5030901e-003
  2.0300000e+002  2.4918164e-003
  2.0400000e+002  2.4805555e-003
  2.0500000e+002  2.4693788e-003
  2.0600000e+002  2.4539900e-003
  2.0700000e+002  2.4368019e-003
  2.0800000e+002  2.4197280e-003
  2.0900000e+002  2.4028514e-003
  2.1000000e+002  2.3863003e-003
  2.1100000e+002  2.3493602e-003
  2.1200000e+002  2.2689316e-003
  2.1300000e+002  2.1917537e-003
  2.1400000e+002  2.1175508e-003
  2.1500000e+002  2.0460825e-003
  2.1600000e+002  1.9806229e-003
  2.1700000e+002  1.9065187e-003
  2.1800000e+002  1.8133109e-003
  2.1900000e+002  1.7261394e-003
  2.2000000e+002  1.6443737e-003
  2.2100000e+002  1.5674740e-003
  2.2200000e+002  1.5042369e-003
  2.2300000e+002  1.4554683e-003
  2.2400000e+002  1.4298501e-003
  2.2500000e+002  1.4047558e-003
  2.2600000e+002  1.3801650e-003
  2.2700000e+002  1.3560943e-003
  2.2800000e+002  1.3349845e-003
  2.2900000e+002  1.3142165e-003
  2.3000000e+002  1.3307390e-003
  2.3100000e+002  1.3514050e-003
  2.3200000e+002  1.3736956e-003
  2.3300000e+002  1.3978044e-003
  2.3400000e+002  1.4271603e-003
  2.3500000e+002  1.4588095e-003
  2.3600000e+002  1.4929552e-003
  2.3700000e+002  1.5298774e-003
  2.3800000e+002  1.5697829e-003
  2.3900000e+002  1.6130266e-003
  2.4000000e+002  1.6562884e-003
  2.4100000e+002  1.7019028e-003
  2.4200000e+002  1.7522574e-003
  2.4300000e+002  1.7933687e-003
  2.4400000e+002  1.8109312e-003
  2.4500000e+002  1.8294810e-003
  2.4600000e+002  1.8493415e-003
  2.4700000e+002  1.8720561e-003
  2.4800000e+002  1.8961755e-003
  2.4900000e+002  1.9218435e-003
  2.5000000e+002  1.9459459e-003
  2.5100000e+002  1.9467909e-003
  2.5200000e+002  1.9477975e-003
  2.5300000e+002  1.9472871e-003
  2.5400000e+002  1.9428788e-003
  2.5500000e+002  1.9384558e-003
  2.5600000e+002  1.9340618e-003
  2.5700000e+002  1.9297764e-003
  2.5800000e+002  1.9193027e-003
  2.5900000e+002  1.9033275e-003
  2.6000000e+002  1.8905099e-003
  2.6100000e+002  1.8925478e-003
  2.6200000e+002  1.8946852e-003
  2.6300000e+002  1.8969336e-003
  2.6400000e+002  1.8993073e-003
  2.6500000e+002  1.9018240e-003
  2.6600000e+002  1.9003938e-003
  2.6700000e+002  1.8965109e-003
  2.6800000e+002  1.8897019e-003
  2.6900000e+002  1.8819738e-003
  2.7000000e+002  1.8741492e-003
  2.7100000e+002  1.8662256e-003
  2.7200000e+002  1.8582008e-003
  2.7300000e+002  1.8500723e-003
  2.7400000e+002  1.8408325e-003
  2.7500000e+002  1.8300548e-003
  2.7600000e+002  1.8346326e-003
  2.7700000e+002  1.8393071e-003
  2.7800000e+002  1.8440810e-003
  2.7900000e+002  1.8489576e-003
  2.8000000e+002  1.8539401e-003
  2.8100000e+002  1.8590318e-003
  2.8200000e+002  1.8642362e-003
  2.8300000e+002  1.8692775e-003
  2.8400000e+002  1.8665911e-003
  2.8500000e+002  1.8635330e-003
  2.8600000e+002  1.8604344e-003
  2.8700000e+002  1.8572947e-003
  2.8800000e+002  1.8541133e-003
  2.8900000e+002  1.8508898e-003
  2.9000000e+002  1.8476236e-003
  2.9100000e+002  1.8443143e-003
  2.9200000e+002  1.8436833e-003
  2.9300000e+002  1.8457584e-003
  2.9400000e+002  1.8479791e-003
  2.9500000e+002  1.8503519e-003
  2.9600000e+002  1.8528843e-003
  2.9700000e+002  1.8555840e-003
  2.9800000e+002  1.8584596e-003
  2.9900000e+002  1.8615199e-003
  3.0000000e+002  1.8647746e-003
  3.0100000e+002  1.8645240e-003
  3.0200000e+002  1.8594472e-003
  3.0300000e+002  1.8542266e-003
  3.0400000e+002  1.8489173e-003
  3.0500000e+002  1.8435170e-003
  3.0600000e+002  1.8380235e-003
  3.0700000e+002  1.8324346e-003
  3.0800000e+002  1.8267480e-003
  3.0900000e+002  1.8209616e-003
  3.1000000e+002  1.8206504e-003
  3.1100000e+002  1.8270122e-003
  3.1200000e+002  1.8285266e-003
  3.1300000e+002  1.8298315e-003
  3.1400000e+002  1.8312115e-003
  3.1500000e+002  1.8326702e-003
  3.1600000e+002  1.8342115e-003
  3.1700000e+002  1.8358396e-003
  3.1800000e+002  1.8375588e-003
  3.1900000e+002  1.8393740e-003
  3.2000000e+002  1.8428889e-003
  3.2100000e+002  1.8469257e-003
  3.2200000e+002  1.8494135e-003
  3.2300000e+002  1.8494612e-003
  3.2400000e+002  1.8495170e-003
  3.2500000e+002  1.8495812e-003
  3.2600000e+002  1.8496543e-003
  3.2700000e+002  1.8497368e-003
  3.2800000e+002  1.8498292e-003
  3.2900000e+002  1.8499320e-003
  3.3000000e+002  1.8501230e-003
  3.3100000e+002  1.8503889e-003
  3.3200000e+002  1.8506999e-003
  3.3300000e+002  1.8502596e-003
  3.3400000e+002  1.8480458e-003
  3.3500000e+002  1.8458402e-003
  3.3600000e+002  1.8436419e-003
  3.3700000e+002  1.8414499e-003
  3.3800000e+002  1.8392634e-003
  3.3900000e+002  1.8370817e-003
  3.4000000e+002  1.8345933e-003
  3.4100000e+002  1.8264033e-003
  3.4200000e+002  1.8181465e-003
  3.4300000e+002  1.8098208e-003
  3.4400000e+002  1.8014245e-003
  3.4500000e+002  1.7920130e-003
  3.4600000e+002  1.7819743e-003
  3.4700000e+002  1.7718548e-003
  3.4800000e+002  1.7616504e-003
  3.4900000e+002  1.7513572e-003
  3.5000000e+002  1.7409712e-003
  3.5100000e+002  1.7304890e-003
  3.5200000e+002  1.7239467e-003
  3.5300000e+002  1.7177307e-003
  3.5400000e+002  1.7114587e-003
  3.5500000e+002  1.7051289e-003
  3.5600000e+002  1.6987395e-003
  3.5700000e+002  1.6918130e-003
  3.5800000e+002  1.6838508e-003
  3.5900000e+002  1.6758263e-003
  3.6000000e+002  1.6677362e-003
  3.6100000e+002  1.6595770e-003
  3.6200000e+002  1.6513456e-003
  3.6300000e+002  1.6449689e-003
  3.6400000e+002  1.6455175e-003
  3.6500000e+002  1.6460933e-003
  3.6600000e+002  1.6466964e-003
  3.6700000e+002  1.6473272e-003
  3.6800000e+002  1.6479861e-003
  3.6900000e+002  1.6486735e-003
  3.7000000e+002  1.6489915e-003
  3.7100000e+002  1.6485934e-003
  3.7200000e+002  1.6482109e-003
  3.7300000e+002  1.6478449e-003
  3.7400000e+002  1.6474968e-003
  3.7500000e+002  1.6471680e-003
  3.7600000e+002  1.6443970e-003
  3.7700000e+002  1.6414280e-003
  3.7800000e+002  1.6384538e-003
  3.7900000e+002  1.6354761e-003
  3.8000000e+002  1.6324969e-003
  3.8100000e+002  1.6295185e-003
  3.8200000e+002  1.6265438e-003
  3.8300000e+002  1.6235767e-003
  3.8400000e+002  1.6192041e-003
  3.8500000e+002  1.6141005e-003
  3.8600000e+002  1.6090105e-003
  3.8700000e+002  1.6039281e-003
  3.8800000e+002  1.5988506e-003
  3.8900000e+002  1.5944923e-003
  3.9000000e+002  1.5901269e-003
  3.9100000e+002  1.5857549e-003
  3.9200000e+002  1.5813769e-003
  3.9300000e+002  1.5769942e-003
  3.9400000e+002  1.5726086e-003
  3.9500000e+002  1.5682227e-003
  3.9600000e+002  1.5638400e-003
  3.9700000e+002  1.5594650e-003
  3.9800000e+002  1.5548016e-003
  3.9900000e+002  1.5487696e-003
  4.0000000e+002  1.5427214e-003
  4.0100000e+002  1.5366541e-003
  4.0200000e+002  1.5314019e-003
  4.0300000e+002  1.5274148e-003
  4.0400000e+002  1.5234209e-003
  4.0500000e+002  1.5194177e-003
  4.0600000e+002  1.5154029e-003
  4.0700000e+002  1.5113745e-003
  4.0800000e+002  1.5073309e-003
  4.0900000e+002  1.5032706e-003
  4.1000000e+002  1.4991922e-003
  4.1100000e+002  1.4950947e-003
  4.1200000e+002  1.4909770e-003
  4.1300000e+002  1.4868381e-003
  4.1400000e+002  1.4824835e-003
  4.1500000e+002  1.4780701e-003
  4.1600000e+002  1.4735936e-003
  4.1700000e+002  1.4685749e-003
  4.1800000e+002  1.4635168e-003
  4.1900000e+002  1.4584203e-003
  4.2000000e+002  1.4532868e-003
  4.2100000e+002  1.4481185e-003
  4.2200000e+002  1.4429180e-003
  4.2300000e+002  1.4376893e-003
  4.2400000e+002  1.4324378e-003
  4.2500000e+002  1.4271714e-003
  4.2600000e+002  1.4219018e-003
  4.2700000e+002  1.4166466e-003
  4.2800000e+002  1.4114346e-003
  4.2900000e+002  1.4063158e-003
  4.3000000e+002  1.4007561e-003
  4.3100000e+002  1.3948720e-003
  4.3200000e+002  1.3953648e-003
  4.3300000e+002  1.3962625e-003
  4.3400000e+002  1.3971798e-003
  4.3500000e+002  1.3981174e-003
  4.3600000e+002  1.3990760e-003
  4.3700000e+002  1.4000562e-003
  4.3800000e+002  1.4010587e-003
  4.3900000e+002  1.4020843e-003
  4.4000000e+002  1.4031338e-003
  4.4100000e+002  1.4042081e-003
  4.4200000e+002  1.4053079e-003
  4.4300000e+002  1.4064343e-003
  4.4400000e+002  1.4075883e-003
  4.4500000e+002  1.4087710e-003
  4.4600000e+002  1.4099835e-003
  4.4700000e+002  1.4105288e-003
  4.4800000e+002  1.4093414e-003
  4.4900000e+002  1.4081376e-003
  4.5000000e+002  1.4069307e-003
  4.5100000e+002  1.4057207e-003
  4.5200000e+002  1.4045077e-003
  4.5300000e+002  1.4032919e-003
  4.5400000e+002  1.4020733e-003
  4.5500000e+002  1.4008522e-003
  4.5600000e+002  1.3996286e-003
  4.5700000e+002  1.3984027e-003
  4.5800000e+002  1.3971746e-003
  4.5900000e+002  1.3959445e-003
  4.6000000e+002  1.3947126e-003
  4.6100000e+002  1.3934791e-003
  4.6200000e+002  1.3922441e-003
  4.6300000e+002  1.3910079e-003
  4.6400000e+002  1.3899929e-003
  4.6500000e+002  1.3901596e-003
  4.6600000e+002  1.3891401e-003
  4.6700000e+002  1.3881181e-003
  4.6800000e+002  1.3870937e-003
  4.6900000e+002  1.3860669e-003
  4.7000000e+002  1.3850379e-003
  4.7100000e+002  1.3840067e-003
  4.7200000e+002  1.3829733e-003
  4.7300000e+002  1.3819379e-003
  4.7400000e+002  1.3809004e-003
  4.7500000e+002  1.3798610e-003
  4.7600000e+002  1.3788197e-003
  4.7700000e+002  1.3777766e-003
  4.7800000e+002  1.3767319e-003
  4.7900000e+002  1.3756855e-003
  4.8000000e+002  1.3746377e-003
  4.8100000e+002  1.3735885e-003
  4.8200000e+002  1.3720618e-003
  4.8300000e+002  1.3693722e-003
  4.8400000e+002  1.3666691e-003
  4.8500000e+002  1.3633121e-003
  4.8600000e+002  1.3598206e-003
  4.8700000e+002  1.3563075e-003
  4.8800000e+002  1.3527725e-003
  4.8900000e+002  1.3492155e-003
  4.9000000e+002  1.3456362e-003
  4.9100000e+002  1.3420344e-003
  4.9200000e+002  1.3384100e-003
  4.9300000e+002  1.3347627e-003
  4.9400000e+002  1.3310924e-003
  4.9500000e+002  1.3273988e-003
  4.9600000e+002  1.3236817e-003
  4.9700000e+002  1.3199409e-003
  4.9800000e+002  1.3161762e-003
  4.9900000e+002  1.3123875e-003
  5.0000000e+002  1.3085744e-003
  5.0100000e+002  1.3071871e-003
  5.0200000e+002  1.3093572e-003
  5.0300000e+002  1.3115521e-003
  5.0400000e+002  1.3137725e-003
  5.0500000e+002  1.3157680e-003
  5.0600000e+002  1.3169371e-003
  5.0700000e+002  1.3181200e-003
  5.0800000e+002  1.3193170e-003
  5.0900000e+002  1.3205282e-003
  5.1000000e+002  1.3217540e-003
  5.1100000e+002  1.3229945e-003
  5.1200000e+002  1.3242499e-003
  5.1300000e+002  1.3255205e-003
  5.1400000e+002  1.3268065e-003
  5.1500000e+002  1.3281083e-003
  5.1600000e+002  1.3294259e-003
  5.1700000e+002  1.3307597e-003
  5.1800000e+002  1.3321100e-003
  5.1900000e+002  1.3334770e-003
  5.2000000e+002  1.3348609e-003
  5.2100000e+002  1.3347890e-003
  5.2200000e+002  1.3324283e-003
  5.2300000e+002  1.3300524e-003
  5.2400000e+002  1.3276614e-003
  5.2500000e+002  1.3252549e-003
  5.2600000e+002  1.3228328e-003
  5.2700000e+002  1.3202101e-003
  5.2800000e+002  1.3170461e-003
  5.2900000e+002  1.3138640e-003
  5.3000000e+002  1.3106635e-003
  5.3100000e+002  1.3074444e-003
  5.3200000e+002  1.3042065e-003
  5.3300000e+002  1.3009498e-003
  5.3400000e+002  1.2976739e-003
  5.3500000e+002  1.2943788e-003
  5.3600000e+002  1.2910641e-003
  5.3700000e+002  1.2877298e-003
  5.3800000e+002  1.2843756e-003
  5.3900000e+002  1.2810014e-003
  5.4000000e+002  1.2776069e-003
  5.4100000e+002  1.2741920e-003
  5.4200000e+002  1.2711376e-003
  5.4300000e+002  1.2702355e-003
  5.4400000e+002  1.2693305e-003
  5.4500000e+002  1.2684225e-003
  5.4600000e+002  1.2675116e-003
  5.4700000e+002  1.2665978e-003
  5.4800000e+002  1.2656811e-003
  5.4900000e+002  1.2647616e-003
  5.5000000e+002  1.2638393e-003
  5.5100000e+002  1.2624825e-003
  5.5200000e+002  1.2610284e-003
  5.5300000e+002  1.2595674e-003
  5.5400000e+002  1.2580994e-003
  5.5500000e+002  1.2566244e-003
  5.5600000e+002  1.2551424e-003
  5.5700000e+002  1.2536533e-003
  5.5800000e+002  1.2521570e-003
  5.5900000e+002  1.2506536e-003
  5.6000000e+002  1.2491429e-003
  5.6100000e+002  1.2476250e-003
  5.6200000e+002  1.2460998e-003
  5.6300000e+002  1.2445673e-003
  5.6400000e+002  1.2430274e-003
  5.6500000e+002  1.2419706e-003
  5.6600000e+002  1.2412654e-003
  5.6700000e+002  1.2405566e-003
  5.6800000e+002  1.2398442e-003
  5.6900000e+002  1.2391282e-003
  5.7000000e+002  1.2384086e-003
  5.7100000e+002  1.2376853e-003
  5.7200000e+002  1.2369583e-003
  5.7300000e+002  1.2362276e-003
  5.7400000e+002  1.2354932e-003
  5.7500000e+002  1.2347550e-003
  5.7600000e+002  1.2333750e-003
  5.7700000e+002  1.2318206e-003
  5.7800000e+002  1.2302604e-003
  5.7900000e+002  1.2286947e-003
  5.8000000e+002  1.2271232e-003
  5.8100000e+002  1.2255459e-003
  5.8200000e+002  1.2239629e-003
  5.8300000e+002  1.2223742e-003
  5.8400000e+002  1.2207796e-003
  5.8500000e+002  1.2191792e-003
  5.8600000e+002  1.2175729e-003
  5.8700000e+002  1.2159607e-003
  5.8800000e+002  1.2143425e-003
  5.8900000e+002  1.2132474e-003
  5.9000000e+002  1.2125506e-003
  5.9100000e+002  1.2118495e-003
  5.9200000e+002  1.2111440e-003
  5.9300000e+002  1.2104341e-003
  5.9400000e+002  1.2097198e-003
  5.9500000e+002  1.2090010e-003
  5.9600000e+002  1.2082777e-003
  5.9700000e+002  1.2075498e-003
  5.9800000e+002  1.2068173e-003
  5.9900000e+002  1.2060802e-003
  6.0000000e+002  1.2053384e-003
  6.0100000e+002  1.2045919e-003
  6.0200000e+002  1.2038374e-003
  6.0300000e+002  1.2023846e-003
  6.0400000e+002  1.2009244e-003
  6.0500000e+002  1.1994565e-003
  6.0600000e+002  1.1979810e-003
  6.0700000e+002  1.1964978e-003
  6.0800000e+002  1.1950068e-003
  6.0900000e+002  1.1935079e-003
  6.1000000e+002  1.1920011e-003
  6.1100000e+002  1.1904862e-003
  6.1200000e+002  1.1889632e-003
  6.1300000e+002  1.1874319e-003
  6.1400000e+002  1.1858924e-003
  6.1500000e+002  1.1838698e-003
  6.1600000e+002  1.1818324e-003
  6.1700000e+002  1.1797846e-003
  6.1800000e+002  1.1777264e-003
  6.1900000e+002  1.1756577e-003
  6.2000000e+002  1.1735784e-003
  6.2100000e+002  1.1714884e-003
  6.2200000e+002  1.1693877e-003
  6.2300000e+002  1.1672761e-003
  6.2400000e+002  1.1651536e-003
  6.2500000e+002  1.1630200e-003
  6.2600000e+002  1.1608753e-003
  6.2700000e+002  1.1587194e-003
  6.2800000e+002  1.1565521e-003
  6.2900000e+002  1.1543734e-003
  6.3000000e+002  1.1521832e-003
  6.3100000e+002  1.1498214e-003
  6.3200000e+002  1.1470782e-003
  6.3300000e+002  1.1443218e-003
  6.3400000e+002  1.1415520e-003
  6.3500000e+002  1.1387687e-003
  6.3600000e+002  1.1359718e-003
  6.3700000e+002  1.1331611e-003
  6.3800000e+002  1.1303366e-003
  6.3900000e+002  1.1274980e-003
  6.4000000e+002  1.1246453e-003
  6.4100000e+002  1.1217784e-003
  6.4200000e+002  1.1205095e-003
  6.4300000e+002  1.1199060e-003
  6.4400000e+002  1.1193021e-003
  6.4500000e+002  1.1186979e-003
  6.4600000e+002  1.1180934e-003
  6.4700000e+002  1.1174885e-003
  6.4800000e+002  1.1168833e-003
  6.4900000e+002  1.1162778e-003
  6.5000000e+002  1.1156719e-003
  6.5100000e+002  1.1150657e-003
  6.5200000e+002  1.1144592e-003
  6.5300000e+002  1.1138524e-003
  6.5400000e+002  1.1132452e-003
  6.5500000e+002  1.1126378e-003
  6.5600000e+002  1.1120300e-003
  6.5700000e+002  1.1114219e-003
  6.5800000e+002  1.1108136e-003
  6.5900000e+002  1.1102049e-003
  6.6000000e+002  1.1095959e-003
  6.6100000e+002  1.1089867e-003
  6.6200000e+002  1.1082253e-003
  6.6300000e+002  1.1073084e-003
  6.6400000e+002  1.1063889e-003
  6.6500000e+002  1.1054668e-003
  6.6600000e+002  1.1045421e-003
  6.6700000e+002  1.1036148e-003
  6.6800000e+002  1.1026849e-003
  6.6900000e+002  1.1017523e-003
  6.7000000e+002  1.1008172e-003
  6.7100000e+002  1.0999307e-003
  6.7200000e+002  1.0990821e-003
  6.7300000e+002  1.0982317e-003
  6.7400000e+002  1.0973794e-003
  6.7500000e+002  1.0965252e-003
  6.7600000e+002  1.0956691e-003
  6.7700000e+002  1.0948112e-003
  6.7800000e+002  1.0939514e-003
  6.7900000e+002  1.0930897e-003
  6.8000000e+002  1.0922262e-003
  6.8100000e+002  1.0913609e-003
  6.8200000e+002  1.0904937e-003
  6.8300000e+002  1.0896247e-003
  6.8400000e+002  1.0887538e-003
  6.8500000e+002  1.0878812e-003
  6.8600000e+002  1.0870067e-003
  6.8700000e+002  1.0861304e-003
  6.8800000e+002  1.0852523e-003
  6.8900000e+002  1.0843725e-003
  6.9000000e+002  1.0834908e-003
  6.9100000e+002  1.0826074e-003
  6.9200000e+002  1.0817222e-003
  6.9300000e+002  1.0808352e-003
  6.9400000e+002  1.0799466e-003
  6.9500000e+002  1.0891697e-003
  6.9600000e+002  1.1162276e-003
  6.9700000e+002  1.1449081e-003
  6.9800000e+002  1.1753619e-003
  6.9900000e+002  1.2077589e-003
  7.0000000e+002  1.2422914e-003
  7.0100000e+002  1.2791780e-003
  7.0200000e+002  1.3083607e-003
  7.0300000e+002  1.3225640e-003
  7.0400000e+002  1.3378673e-003
  7.0500000e+002  1.3544013e-003
  7.0600000e+002  1.3723180e-003
  7.0700000e+002  1.3917957e-003
  7.0800000e+002  1.4130445e-003
  7.0900000e+002  1.4363141e-003
  7.1000000e+002  1.4619034e-003
  7.1100000e+002  1.4901732e-003
  7.1200000e+002  1.5215631e-003
  7.1300000e+002  1.5566145e-003
  7.1400000e+002  1.5960017e-003
  7.1500000e+002  1.6405752e-003
  7.1600000e+002  1.6914232e-003
  7.1700000e+002  1.7499618e-003
  7.1800000e+002  1.8180671e-003
  7.1900000e+002  1.8982795e-003
  7.2000000e+002  1.9941265e-003
  7.2100000e+002  2.1106524e-003
  7.2200000e+002  2.2553331e-003
  7.2300000e+002  2.4397416e-003
  7.2400000e+002  2.6828000e-003
  7.2500000e+002  3.0177144e-003
  7.2600000e+002  3.5085881e-003
  7.2700000e+002  4.2972522e-003
  7.2800000e+002  5.7723205e-003
  7.2900000e+002  9.5191735e-003
  7.3000000e+002  3.8340864e-002
