1	44.116836	142.090821	0.00200000
1.1	46.275404	145.569504	0.00220000
1.2	48.326935	148.691399	0.00230000
1.3	50.307108	151.634900	0.00250000
1.4	52.207004	154.221613	0.00260000
1.5	54.035543	156.540735	0.00270000
1.6	55.810563	158.770660	0.00290000
1.7	57.523145	160.822191	0.00300000
1.8	59.191129	162.606131	0.00310000
2	62.393302	165.995617	0.00340000
2.25	66.175254	169.474300	0.00370000
2.5	69.760974	172.506998	0.00400000
2.75	73.168299	175.093711	0.00430000
3	76.415070	177.234439	0.00460000
3.25	79.536965	179.107576	0.00500000
3.5	82.542904	180.713122	0.00530000
3.75	85.441806	182.140274	0.00560000
4	88.242592	183.389032	0.00590000
4.5	93.567653	185.351366	0.00650000
5	98.651882	186.778518	0.00710000
5.5	103.468520	187.848882	0.00770000
6	108.106764	188.562458	0.00830000
6.5	112.477417	189.097640	0.00890000
7	116.758873	189.365231	0.00950000
8	124.786603	189.454428	0.01070000
9	132.368348	189.097640	0.01190000
10	139.504108	188.384064	0.01310000
11	146.372277	187.402897	0.01430000
12	152.794461	186.243336	0.01550000
13	159.038251	184.905381	0.01670000
14	165.103647	183.567426	0.01790000
15	170.901452	182.140274	0.01920000
16	176.520863	180.623925	0.02040000
17	181.872683	179.107576	0.02160000
18	187.224503	177.502030	0.02280000
20	197.303764	174.469332	0.02530000
22.5	209.256162	170.544664	0.02840000
25	219.424620	166.798390	0.03160000
27.5	225.846804	163.141313	0.03470000
30	230.752639	159.573433	0.03800000
32.5	235.836868	156.183947	0.04130000
35	242.705037	152.972855	0.04460000
37.5	251.803131	149.850960	0.04790000
40	262.239180	146.818262	0.05120000
45	283.557263	141.288048	0.05780000
50	303.537391	136.114622	0.06430000
55	321.733579	131.387181	0.07080000
60	338.502615	127.016528	0.07720000
65	354.201287	123.002663	0.08360000
70	369.097186	119.256389	0.09000000
80	397.015847	112.477417	0.10270000
90	423.150568	106.590415	0.11520000
100	447.858137	101.416989	0.12760000
110	471.584539	96.689548	0.13990000
120	494.597365	92.586486	0.15200000
130	516.807418	88.777774	0.16390000
140	538.482289	85.352609	0.17570000
150	559.711175	82.221795	0.18730000
160	580.404879	79.349651	0.19880000
170	600.741795	76.709420	0.21010000
180	620.721923	74.256503	0.22120000
200	659.522618	69.868010	0.24310000
225	706.172649	65.167328	0.26950000
250	751.127937	61.135624	0.29500000
275	794.388482	57.648021	0.31970000
300	836.132678	54.579644	0.34360000
325	876.538919	51.868056	0.36680000
350	915.161220	49.450817	0.38940000
375	953.515930	47.283330	0.41130000
400	990.086700	45.312076	0.43270000
450	1060.552330	41.886911	0.47380000
500	1126.558110	39.005848	0.51310000
550	1188.996010	36.535091	0.55080000
600	1248.758000	34.403283	0.58700000
650	1305.844080	32.521226	0.62190000
700	1359.362280	30.871082	0.65570000
800	1461.046860	28.061376	0.72030000
900	1553.811740	25.769013	0.78140000
1000	1638.548890	23.860198	0.83970000
1100	1717.934220	22.245732	0.89550000
1200	1791.075760	20.854259	0.94920000
1300	1859.757450	19.641179	1.00000000
1400	1923.087320	18.570815	1.05000000
1500	1982.849310	17.625327	1.10000000
1600	2038.151450	16.786875	1.15000000
1700	2090.777680	16.028701	1.19000000
1800	2139.836030	15.341884	1.24000000
2000	2229.033030	14.137725	1.33000000
2250	2326.257760	12.906806	1.44000000
2500	2410.994910	11.881040	1.54000000
2750	2483.244480	11.024749	1.64000000
3000	2546.574350	10.293334	1.74000000
3250	2600.984520	9.660035	1.83000000
3500	2647.366960	9.107014	1.92000000
3750	2688.397580	8.617322	2.02000000
4000	2723.184410	8.182041	2.11000000
4500	2779.378520	7.440814	2.29000000
5000	2820.409140	6.832490	2.46000000
5500	2848.060210	6.322283	2.64000000
6000	2866.791580	5.888786	2.81000000
6500	2878.387190	5.514159	2.98000000
7000	2882.847040	5.188589	3.16000000
8000	2878.387190	4.647164	3.50000000
9000	2859.655820	4.214558	3.85000000
10000	2832.004750	3.860446	4.20000000
11000	2798.109890	3.565204	4.55000000
12000	2759.755180	3.314561	4.91000000
13000	2719.616530	3.098704	5.27000000
14000	2677.693940	2.911390	5.64000000
15000	2633.987410	2.747268	6.01000000
16000	2591.172850	2.600985	6.40000000
17000	2547.466320	2.470757	6.78000000
18000	2504.651760	2.353909	7.18000000
20000	2420.806580	2.152324	7.99000000
22500	2320.013970	1.946279	9.04000000
25000	2229.033030	1.778588	10.14000000
27500	2137.160120	1.639441	11.28000000
30000	2046.179180	1.520809	12.47000000
32500	1969.469760	1.420016	13.72000000
35000	1897.220190	1.331711	15.01000000
37500	1830.322440	1.255002	16.35000000
40000	1766.992570	1.187212	17.73000000
45000	1652.820410	1.071256	20.65000000
50000	1551.135830	0.977599	23.77000000
55000	1461.938830	0.899998	27.09000000
60000	1381.661530	0.834260	30.60000000
65000	1309.411960	0.777887	34.31000000
70000	1245.190120	0.729096	38.22000000
80000	1134.585840	0.648551	46.63000000
90000	1042.712930	0.584865	55.82000000
100000	966.003510	0.533041	65.77000000
110000	899.997730	0.490138	76.49000000
120000	844.427999	0.453834	87.95000000
130000	796.083225	0.422883	100.13000000
140000	753.803847	0.396035	113.03000000
150000	716.608698	0.372576	126.62000000
160000	683.605808	0.351793	140.89000000
170000	654.081601	0.333418	155.83000000
180000	627.500895	0.316917	171.43000000
200000	581.564440	0.288552	204.51000000
225000	534.468424	0.259831	249.32000000
250000	495.489335	0.236461	297.86000000
275000	462.486445	0.217195	350.05000000
300000	433.765011	0.200961	405.82000000
325000	408.343866	0.187046	465.17000000
350000	385.509434	0.175005	528.14000000
375000	365.261715	0.164479	594.71000000
400000	347.600709	0.155292	664.82000000
450000	317.452123	0.139683	815.26000000
500000	292.833751	0.127017	979.16000000
550000	272.140047	0.116580	1160.00000000
600000	254.657435	0.107750	1350.00000000
650000	239.583142	0.100257	1550.00000000
700000	226.471183	0.093746	1760.00000000
800000	204.796312	0.083114	2230.00000000
900000	187.581291	0.074702	2740.00000000
1000000	173.488165	0.067897	3290.00000000
1100000	161.714161	0.062277	3890.00000000
1200000	151.902491	0.057541	4530.00000000
1300000	143.339579	0.053509	5200.00000000
1400000	136.025425	0.050022	5920.00000000
1500000	129.603241	0.046980	6670.00000000
1600000	123.894633	0.044295	7460.00000000
1700000	118.899601	0.041914	8280.00000000
1800000	114.350554	0.039791	9140.00000000
2000000	106.590415	0.036143	10950.00000000
2250000	98.741079	0.032459	13390.00000000
2500000	92.408092	0.029480	16000.00000000
2750000	87.172228	0.027018	18790.00000000
3000000	82.774816	0.024948	21730.00000000
3250000	79.046381	0.023182	24820.00000000
3500000	75.835289	0.021666	28050.00000000
3750000	73.052343	0.020337	31400.00000000
4000000	70.608345	0.019168	34880.00000000
4500000	66.540962	0.017197	42180.00000000
5000000	63.294191	0.015609	49880.00000000
5500000	60.645040	0.014307	57950.00000000
6000000	58.459714	0.013201	66340.00000000
6500000	56.631175	0.012265	75030.00000000
7000000	55.079148	0.011453	83980.00000000
8000000	52.599471	0.010133	102550.00000000
9000000	50.735254	0.009089	121900.00000000
10000000	49.290262	0.008244	141890.00000000
