1	3.36E+01	3.60E+00	0.0069
1.1	3.53E+01	3.60E+00	0.0075
1.2	3.68E+01	3.59E+00	0.0081
1.3	3.83E+01	3.57E+00	0.0087
1.4	3.98E+01	3.56E+00	0.0093
1.5	4.12E+01	3.54E+00	0.0099
1.6	4.25E+01	3.52E+00	0.0105
1.7	4.38E+01	3.49E+00	0.0111
1.8	4.51E+01	3.47E+00	0.0117
2	4.76E+01	3.43E+00	0.0129
2.25	5.02E+01	3.37E+00	0.0144
2.5	5.27E+01	3.31E+00	0.016
2.75	5.51E+01	3.25E+00	0.0175
3	5.74E+01	3.19E+00	0.019
3.25	5.96E+01	3.13E+00	0.0205
3.5	6.17E+01	3.07E+00	0.0221
3.75	6.37E+01	3.02E+00	0.0236
4	6.56E+01	2.97E+00	0.0251
4.5	6.93E+01	2.87E+00	0.0282
5	7.28E+01	2.78E+00	0.0312
5.5	7.61E+01	2.69E+00	0.0342
6	7.93E+01	2.61E+00	0.0373
6.5	8.22E+01	2.53E+00	0.0403
7	8.51E+01	2.46E+00	0.0433
8	9.04E+01	2.34E+00	0.0492
9	9.54E+01	2.22E+00	0.0552
10	9.99E+01	2.12E+00	0.061
11	1.04E+02	2.03E+00	0.0668
12	1.08E+02	1.95E+00	0.0726
13	1.12E+02	1.87E+00	0.0783
14	1.15E+02	1.81E+00	0.084
15	1.19E+02	1.74E+00	0.0896
16	1.22E+02	1.69E+00	0.0952
17	1.25E+02	1.63E+00	0.1007
18	1.27E+02	1.58E+00	0.1062
20	1.33E+02	1.49E+00	0.1171
22.5	1.38E+02	1.40E+00	0.1306
25	1.43E+02	1.31E+00	0.1438
27.5	1.48E+02	1.24E+00	0.1569
30	1.52E+02	1.18E+00	0.1699
32.5	1.56E+02	1.12E+00	0.1827
35	1.59E+02	1.07E+00	0.1954
37.5	1.62E+02	1.03E+00	0.2081
40	1.65E+02	9.85E-01	0.2206
45	1.70E+02	9.12E-01	0.2454
50	1.74E+02	8.51E-01	0.27
55	1.78E+02	7.99E-01	0.2943
60	1.81E+02	7.53E-01	0.3185
65	1.84E+02	7.13E-01	0.3424
70	1.86E+02	6.78E-01	0.3663
80	1.89E+02	6.17E-01	0.4138
90	1.92E+02	5.68E-01	0.4612
100	1.93E+02	5.27E-01	0.5084
110	1.94E+02	4.91E-01	0.5557
120	1.95E+02	4.61E-01	0.6031
130	1.95E+02	4.35E-01	0.6506
140	1.95E+02	4.12E-01	0.6985
150	1.94E+02	3.91E-01	0.7466
160	1.93E+02	3.73E-01	0.795
170	1.92E+02	3.56E-01	0.8438
180	1.91E+02	3.41E-01	0.893
200	1.89E+02	3.15E-01	0.9927
225	1.85E+02	2.88E-01	1.12
250	1.82E+02	2.65E-01	1.25
275	1.78E+02	2.46E-01	1.38
300	1.74E+02	2.30E-01	1.52
325	1.70E+02	2.16E-01	1.66
350	1.67E+02	2.04E-01	1.8
375	1.63E+02	1.93E-01	1.95
400	1.59E+02	1.83E-01	2.1
450	1.53E+02	1.67E-01	2.41
500	1.47E+02	1.53E-01	2.74
550	1.41E+02	1.42E-01	3.07
600	1.36E+02	1.32E-01	3.43
650	1.31E+02	1.24E-01	3.79
700	1.27E+02	1.17E-01	4.17
800	1.19E+02	1.05E-01	4.97
900	1.12E+02	9.49E-02	5.82
1000	1.06E+02	8.70E-02	6.72
1100	1.01E+02	8.04E-02	7.67
1200	9.57E+01	7.48E-02	8.66
1300	9.14E+01	7.00E-02	9.72
1400	8.77E+01	6.58E-02	10.81
1500	8.43E+01	6.21E-02	11.96
1600	8.12E+01	5.88E-02	13.15
1700	7.84E+01	5.59E-02	14.38
1800	7.58E+01	5.32E-02	15.66
2000	7.11E+01	4.87E-02	18.35
2250	6.62E+01	4.41E-02	21.94
2500	6.20E+01	4.03E-02	25.79
2750	5.84E+01	3.71E-02	29.88
3000	5.53E+01	3.45E-02	34.23
3250	5.25E+01	3.22E-02	38.81
3500	5.00E+01	3.02E-02	43.63
3750	4.78E+01	2.85E-02	48.68
4000	4.58E+01	2.69E-02	53.96
4500	4.23E+01	2.43E-02	65.18
5000	3.94E+01	2.22E-02	77.29
5500	3.69E+01	2.04E-02	90.26
6000	3.47E+01	1.90E-02	104.08
6500	3.28E+01	1.77E-02	118.73
7000	3.12E+01	1.66E-02	134.2
8000	2.83E+01	1.48E-02	167.51
9000	2.60E+01	1.33E-02	203.96
10000	2.41E+01	1.21E-02	243.47
11000	2.25E+01	1.12E-02	285.99
12000	2.11E+01	1.03E-02	331.45
13000	1.99E+01	9.63E-03	379.79
14000	1.88E+01	9.03E-03	430.98
15000	1.79E+01	8.49E-03	484.97
16000	1.71E+01	8.02E-03	541.72
17000	1.63E+01	7.60E-03	601.19
18000	1.56E+01	7.23E-03	663.35
20000	1.44E+01	6.58E-03	795.54
22500	1.32E+01	5.93E-03	975.32
25000	1.22E+01	5.40E-03	1170
27500	1.13E+01	4.96E-03	1380
30000	1.06E+01	4.59E-03	1610
32500	9.98E+00	4.27E-03	1850
35000	9.44E+00	4.00E-03	2110
37500	8.96E+00	3.76E-03	2380
40000	8.53E+00	3.55E-03	2660
45000	7.80E+00	3.19E-03	3270
50000	7.20E+00	2.90E-03	3930
55000	6.70E+00	2.67E-03	4650
60000	6.28E+00	2.46E-03	5410
65000	5.92E+00	2.29E-03	6230
70000	5.60E+00	2.15E-03	7090
80000	5.07E+00	1.90E-03	8950
90000	4.66E+00	1.71E-03	11000
100000	4.32E+00	1.55E-03	13210
110000	4.04E+00	1.43E-03	15590
120000	3.80E+00	1.32E-03	18130
130000	3.59E+00	1.23E-03	20820
140000	3.41E+00	1.15E-03	23660
150000	3.26E+00	1.08E-03	26640
160000	3.12E+00	1.02E-03	29760
170000	3.00E+00	9.61E-04	33000
180000	2.89E+00	9.12E-04	36380
200000	2.71E+00	8.28E-04	43490
225000	2.52E+00	7.44E-04	53020
250000	2.36E+00	6.76E-04	63210
275000	2.24E+00	6.19E-04	74020
300000	2.13E+00	5.72E-04	85390
325000	2.05E+00	5.32E-04	97300
350000	1.97E+00	4.97E-04	109690
375000	1.90E+00	4.66E-04	122540
400000	1.85E+00	4.40E-04	135820
450000	1.75E+00	3.95E-04	163520
500000	1.67E+00	3.58E-04	192620
550000	1.61E+00	3.28E-04	222940
600000	1.56E+00	3.03E-04	254340
650000	1.52E+00	2.82E-04	286690
700000	1.48E+00	2.63E-04	319870
800000	1.43E+00	2.33E-04	388370
900000	1.39E+00	2.09E-04	459250
1000000	1.35E+00	1.89E-04	532040
1100000	1.33E+00	1.73E-04	606340
1200000	1.31E+00	1.60E-04	681870
1300000	1.30E+00	1.49E-04	758380
1400000	1.28E+00	1.39E-04	835680
1500000	1.27E+00	1.30E-04	913630
1600000	1.27E+00	1.23E-04	992080
1700000	1.26E+00	1.16E-04	1070000
1800000	1.26E+00	1.10E-04	1150000
2000000	1.25E+00	9.98E-05	1310000
2250000	1.25E+00	8.95E-05	1510000
2500000	1.25E+00	8.11E-05	1710000
2750000	1.25E+00	7.43E-05	1910000
3000000	1.25E+00	6.85E-05	2110000
3250000	1.26E+00	6.36E-05	2310000
3500000	1.26E+00	5.94E-05	2500000
3750000	1.27E+00	5.57E-05	2700000
4000000	1.27E+00	5.24E-05	2900000
4500000	1.28E+00	4.70E-05	3290000
5000000	1.29E+00	4.26E-05	3680000
5500000	1.30E+00	3.90E-05	4060000
6000000	1.31E+00	3.60E-05	4440000
6500000	1.32E+00	3.34E-05	4820000
7000000	1.33E+00	3.11E-05	5200000
8000000	1.35E+00	2.75E-05	5940000
9000000	1.37E+00	2.46E-05	6680000
10000000	1.38E+00	2.23E-05	7410000
