 -9.4000000e+000             NaN
 -9.3000000e+000  4.8971894e+002
 -9.2000000e+000  4.8944626e+002
 -9.1000000e+000  4.8917359e+002
 -9.0000000e+000  4.8890091e+002
 -8.9000000e+000  4.8862824e+002
 -8.8000000e+000  4.8835556e+002
 -8.7000000e+000  4.8808289e+002
 -8.6000000e+000  4.8781021e+002
 -8.5000000e+000  4.8757359e+002
 -8.4000000e+000  4.8736009e+002
 -8.3000000e+000  4.8714659e+002
 -8.2000000e+000  4.8693310e+002
 -8.1000000e+000  4.8671960e+002
 -8.0000000e+000  4.8650610e+002
 -7.9000000e+000  4.8629261e+002
 -7.8000000e+000  4.8607911e+002
 -7.7000000e+000  4.8586561e+002
 -7.6000000e+000  4.8565212e+002
 -7.5000000e+000  4.8545048e+002
 -7.4000000e+000  4.8527573e+002
 -7.3000000e+000  4.8510098e+002
 -7.2000000e+000  4.8492622e+002
 -7.1000000e+000  4.8475147e+002
 -7.0000000e+000  4.8457672e+002
 -6.9000000e+000  4.8440196e+002
 -6.8000000e+000  4.8422721e+002
 -6.7000000e+000  4.8405246e+002
 -6.6000000e+000  4.8387770e+002
 -6.5000000e+000  4.8370295e+002
 -6.4000000e+000  4.8352820e+002
 -6.3000000e+000  4.8335779e+002
 -6.2000000e+000  4.8321033e+002
 -6.1000000e+000  4.8306286e+002
 -6.0000000e+000  4.8291540e+002
 -5.9000000e+000  4.8276793e+002
 -5.8000000e+000  4.8262047e+002
 -5.7000000e+000  4.8247301e+002
 -5.6000000e+000  4.8232554e+002
 -5.5000000e+000  4.8217808e+002
 -5.4000000e+000  4.8203061e+002
 -5.3000000e+000  4.8188315e+002
 -5.2000000e+000  4.8173569e+002
 -5.1000000e+000  4.8158822e+002
 -5.0000000e+000  4.8144076e+002
 -4.9000000e+000  4.8129874e+002
 -4.8000000e+000  4.8117150e+002
 -4.7000000e+000  4.8104426e+002
 -4.6000000e+000  4.8091701e+002
 -4.5000000e+000  4.8078977e+002
 -4.4000000e+000  4.8066253e+002
 -4.3000000e+000  4.8053529e+002
 -4.2000000e+000  4.8040805e+002
 -4.1000000e+000  4.8028081e+002
 -4.0000000e+000  4.8015357e+002
 -3.9000000e+000  4.8002633e+002
 -3.8000000e+000  4.7989908e+002
 -3.7000000e+000  4.7977184e+002
 -3.6000000e+000  4.7964460e+002
 -3.5000000e+000  4.7951736e+002
 -3.4000000e+000  4.7939012e+002
 -3.3000000e+000  4.7927433e+002
 -3.2000000e+000  4.7916264e+002
 -3.1000000e+000  4.7905096e+002
 -3.0000000e+000  4.7893927e+002
 -2.9000000e+000  4.7882758e+002
 -2.8000000e+000  4.7871589e+002
 -2.7000000e+000  4.7860421e+002
 -2.6000000e+000  4.7849252e+002
 -2.5000000e+000  4.7838083e+002
 -2.4000000e+000  4.7826914e+002
 -2.3000000e+000  4.7815745e+002
 -2.2000000e+000  4.7804577e+002
 -2.1000000e+000  4.7793408e+002
 -2.0000000e+000  4.7782239e+002
 -1.9000000e+000  4.7771070e+002
 -1.8000000e+000  4.7759901e+002
 -1.7000000e+000  4.7748733e+002
 -1.6000000e+000  4.7738378e+002
 -1.5000000e+000  4.7728440e+002
 -1.4000000e+000  4.7718501e+002
 -1.3000000e+000  4.7708563e+002
 -1.2000000e+000  4.7698625e+002
 -1.1000000e+000  4.7688686e+002
 -1.0000000e+000  4.7678748e+002
 -9.0000000e-001  4.7668809e+002
 -8.0000000e-001  4.7658871e+002
 -7.0000000e-001  4.7648933e+002
 -6.0000000e-001  4.7638994e+002
 -5.0000000e-001  4.7629056e+002
 -4.0000000e-001  4.7619118e+002
 -3.0000000e-001  4.7609179e+002
 -2.0000000e-001  4.7599241e+002
 -1.0000000e-001  4.7589303e+002
  0.0000000e+000  4.7579364e+002
  1.0000000e-001  4.7569426e+002
  2.0000000e-001  4.7559633e+002
  3.0000000e-001  4.7550689e+002
  4.0000000e-001  4.7541746e+002
  5.0000000e-001  4.7532802e+002
  6.0000000e-001  4.7523859e+002
  7.0000000e-001  4.7514916e+002
  8.0000000e-001  4.7505972e+002
  9.0000000e-001  4.7497029e+002
  1.0000000e+000  4.7488085e+002
  1.1000000e+000  4.7479142e+002
  1.2000000e+000  4.7470198e+002
  1.3000000e+000  4.7461255e+002
  1.4000000e+000  4.7452312e+002
  1.5000000e+000  4.7443368e+002
  1.6000000e+000  4.7434425e+002
  1.7000000e+000  4.7425481e+002
  1.8000000e+000  4.7416538e+002
  1.9000000e+000  4.7407595e+002
  2.0000000e+000  4.7398651e+002
  2.1000000e+000  4.7389708e+002
  2.2000000e+000  4.7381001e+002
  2.3000000e+000  4.7372877e+002
  2.4000000e+000  4.7364752e+002
  2.5000000e+000  4.7356627e+002
  2.6000000e+000  4.7348502e+002
  2.7000000e+000  4.7340378e+002
  2.8000000e+000  4.7332253e+002
  2.9000000e+000  4.7324128e+002
  3.0000000e+000  4.7316003e+002
  3.1000000e+000  4.7307879e+002
  3.2000000e+000  4.7299754e+002
  3.3000000e+000  4.7291629e+002
  3.4000000e+000  4.7283504e+002
  3.5000000e+000  4.7275380e+002
  3.6000000e+000  4.7267255e+002
  3.7000000e+000  4.7259130e+002
  3.8000000e+000  4.7251005e+002
  3.9000000e+000  4.7242880e+002
  4.0000000e+000  4.7234756e+002
  4.1000000e+000  4.7226631e+002
  4.2000000e+000  4.7218506e+002
  4.3000000e+000  4.7210513e+002
  4.4000000e+000  4.7203072e+002
  4.5000000e+000  4.7195630e+002
  4.6000000e+000  4.7188188e+002
  4.7000000e+000  4.7180746e+002
  4.8000000e+000  4.7173304e+002
  4.9000000e+000  4.7165863e+002
  5.0000000e+000  4.7158421e+002
  5.1000000e+000  4.7150979e+002
  5.2000000e+000  4.7143537e+002
  5.3000000e+000  4.7136095e+002
  5.4000000e+000  4.7128653e+002
  5.5000000e+000  4.7121212e+002
  5.6000000e+000  4.7113770e+002
  5.7000000e+000  4.7106328e+002
  5.8000000e+000  4.7098886e+002
  5.9000000e+000  4.7091444e+002
  6.0000000e+000  4.7084003e+002
  6.1000000e+000  4.7076561e+002
  6.2000000e+000  4.7069119e+002
  6.3000000e+000  4.7061677e+002
  6.4000000e+000  4.7054235e+002
  6.5000000e+000  4.7046793e+002
  6.6000000e+000  4.7039903e+002
  6.7000000e+000  4.7033038e+002
  6.8000000e+000  4.7026172e+002
  6.9000000e+000  4.7019306e+002
  7.0000000e+000  4.7012440e+002
  7.1000000e+000  4.7005574e+002
  7.2000000e+000  4.6998709e+002
  7.3000000e+000  4.6991843e+002
  7.4000000e+000  4.6984977e+002
  7.5000000e+000  4.6978111e+002
  7.6000000e+000  4.6971245e+002
  7.7000000e+000  4.6964380e+002
  7.8000000e+000  4.6957514e+002
  7.9000000e+000  4.6950648e+002
  8.0000000e+000  4.6943782e+002
  8.1000000e+000  4.6936916e+002
  8.2000000e+000  4.6930051e+002
  8.3000000e+000  4.6923185e+002
  8.4000000e+000  4.6916319e+002
  8.5000000e+000  4.6909453e+002
  8.6000000e+000  4.6902588e+002
  8.7000000e+000  4.6895722e+002
  8.8000000e+000  4.6888856e+002
  8.9000000e+000  4.6882325e+002
  9.0000000e+000  4.6875950e+002
  9.1000000e+000  4.6869574e+002
  9.2000000e+000  4.6863198e+002
  9.3000000e+000  4.6856822e+002
  9.4000000e+000  4.6850447e+002
  9.5000000e+000  4.6844071e+002
  9.6000000e+000  4.6837695e+002
  9.7000000e+000  4.6831319e+002
  9.8000000e+000  4.6824944e+002
  9.9000000e+000  4.6818568e+002
  1.0000000e+001  4.6812192e+002
  1.0100000e+001  4.6805817e+002
  1.0200000e+001  4.6799441e+002
  1.0300000e+001  4.6793065e+002
  1.0400000e+001  4.6786689e+002
  1.0500000e+001  4.6780314e+002
  1.0600000e+001  4.6773938e+002
  1.0700000e+001  4.6767562e+002
  1.0800000e+001  4.6761186e+002
  1.0900000e+001  4.6754811e+002
  1.1000000e+001  4.6748435e+002
  1.1100000e+001  4.6742059e+002
  1.1200000e+001  4.6735683e+002
  1.1300000e+001  4.6729506e+002
  1.1400000e+001  4.6723550e+002
  1.1500000e+001  4.6717594e+002
  1.1600000e+001  4.6711638e+002
  1.1700000e+001  4.6705682e+002
  1.1800000e+001  4.6699726e+002
  1.1900000e+001  4.6693769e+002
  1.2000000e+001  4.6687813e+002
  1.2100000e+001  4.6681857e+002
  1.2200000e+001  4.6675901e+002
  1.2300000e+001  4.6669945e+002
  1.2400000e+001  4.6663989e+002
  1.2500000e+001  4.6658033e+002
  1.2600000e+001  4.6652077e+002
  1.2700000e+001  4.6646121e+002
  1.2800000e+001  4.6640165e+002
  1.2900000e+001  4.6634209e+002
  1.3000000e+001  4.6628253e+002
  1.3100000e+001  4.6622296e+002
  1.3200000e+001  4.6616340e+002
  1.3300000e+001  4.6610384e+002
  1.3400000e+001  4.6604428e+002
  1.3500000e+001  4.6598472e+002
  1.3600000e+001  4.6592516e+002
  1.3700000e+001  4.6586560e+002
  1.3800000e+001  4.6580757e+002
  1.3900000e+001  4.6575162e+002
  1.4000000e+001  4.6569567e+002
  1.4100000e+001  4.6563972e+002
  1.4200000e+001  4.6558377e+002
  1.4300000e+001  4.6552781e+002
  1.4400000e+001  4.6547186e+002
  1.4500000e+001  4.6541591e+002
  1.4600000e+001  4.6535996e+002
  1.4700000e+001  4.6530401e+002
  1.4800000e+001  4.6524806e+002
  1.4900000e+001  4.6519211e+002
  1.5000000e+001  4.6513616e+002
  1.5100000e+001  4.6508021e+002
  1.5200000e+001  4.6502426e+002
  1.5300000e+001  4.6496831e+002
  1.5400000e+001  4.6491236e+002
  1.5500000e+001  4.6485641e+002
  1.5600000e+001  4.6480046e+002
  1.5700000e+001  4.6474451e+002
  1.5800000e+001  4.6468855e+002
  1.5900000e+001  4.6463260e+002
  1.6000000e+001  4.6457665e+002
  1.6100000e+001  4.6452070e+002
  1.6200000e+001  4.6446475e+002
  1.6300000e+001  4.6440880e+002
  1.6400000e+001  4.6435484e+002
  1.6500000e+001  4.6430200e+002
  1.6600000e+001  4.6424917e+002
  1.6700000e+001  4.6419633e+002
  1.6800000e+001  4.6414349e+002
  1.6900000e+001  4.6409066e+002
  1.7000000e+001  4.6403782e+002
  1.7100000e+001  4.6398498e+002
  1.7200000e+001  4.6393215e+002
  1.7300000e+001  4.6387931e+002
  1.7400000e+001  4.6382647e+002
  1.7500000e+001  4.6377364e+002
  1.7600000e+001  4.6372080e+002
  1.7700000e+001  4.6366797e+002
  1.7800000e+001  4.6361513e+002
  1.7900000e+001  4.6356229e+002
  1.8000000e+001  4.6350946e+002
  1.8100000e+001  4.6345662e+002
  1.8200000e+001  4.6340378e+002
  1.8300000e+001  4.6335095e+002
  1.8400000e+001  4.6329811e+002
  1.8500000e+001  4.6324527e+002
  1.8600000e+001  4.6319244e+002
  1.8700000e+001  4.6313960e+002
  1.8800000e+001  4.6308676e+002
  1.8900000e+001  4.6303393e+002
  1.9000000e+001  4.6298168e+002
  1.9100000e+001  4.6293153e+002
  1.9200000e+001  4.6288138e+002
  1.9300000e+001  4.6283123e+002
  1.9400000e+001  4.6278108e+002
  1.9500000e+001  4.6273093e+002
  1.9600000e+001  4.6268079e+002
  1.9700000e+001  4.6263064e+002
  1.9800000e+001  4.6258049e+002
  1.9900000e+001  4.6253034e+002
  2.0000000e+001  4.6248019e+002
  2.0100000e+001  4.6243004e+002
  2.0200000e+001  4.6237990e+002
  2.0300000e+001  4.6232975e+002
  2.0400000e+001  4.6227960e+002
  2.0500000e+001  4.6222945e+002
  2.0600000e+001  4.6217930e+002
  2.0700000e+001  4.6212915e+002
  2.0800000e+001  4.6207901e+002
  2.0900000e+001  4.6202886e+002
  2.1000000e+001  4.6197871e+002
  2.1100000e+001  4.6192856e+002
  2.1200000e+001  4.6187841e+002
  2.1300000e+001  4.6182826e+002
  2.1400000e+001  4.6177812e+002
  2.1500000e+001  4.6172797e+002
  2.1600000e+001  4.6167782e+002
  2.1700000e+001  4.6162828e+002
  2.1800000e+001  4.6158045e+002
  2.1900000e+001  4.6153261e+002
  2.2000000e+001  4.6148478e+002
  2.2100000e+001  4.6143695e+002
  2.2200000e+001  4.6138912e+002
  2.2300000e+001  4.6134129e+002
  2.2400000e+001  4.6129346e+002
  2.2500000e+001  4.6124562e+002
  2.2600000e+001  4.6119779e+002
  2.2700000e+001  4.6114996e+002
  2.2800000e+001  4.6110213e+002
  2.2900000e+001  4.6105430e+002
  2.3000000e+001  4.6100647e+002
  2.3100000e+001  4.6095863e+002
  2.3200000e+001  4.6091080e+002
  2.3300000e+001  4.6086297e+002
  2.3400000e+001  4.6081514e+002
  2.3500000e+001  4.6076731e+002
  2.3600000e+001  4.6071948e+002
  2.3700000e+001  4.6067165e+002
  2.3800000e+001  4.6062381e+002
  2.3900000e+001  4.6057598e+002
  2.4000000e+001  4.6052815e+002
  2.4100000e+001  4.6048032e+002
  2.4200000e+001  4.6043249e+002
  2.4300000e+001  4.6038466e+002
  2.4400000e+001  4.6033682e+002
  2.4500000e+001  4.6029072e+002
  2.4600000e+001  4.6024488e+002
  2.4700000e+001  4.6019904e+002
  2.4800000e+001  4.6015319e+002
  2.4900000e+001  4.6010735e+002
  2.5000000e+001  4.6006151e+002
  2.5100000e+001  4.6001566e+002
  2.5200000e+001  4.5996982e+002
  2.5300000e+001  4.5992398e+002
  2.5400000e+001  4.5987813e+002
  2.5500000e+001  4.5983229e+002
  2.5600000e+001  4.5978644e+002
  2.5700000e+001  4.5974060e+002
  2.5800000e+001  4.5969476e+002
  2.5900000e+001  4.5964891e+002
  2.6000000e+001  4.5960307e+002
  2.6100000e+001  4.5955723e+002
  2.6200000e+001  4.5951138e+002
  2.6300000e+001  4.5946554e+002
  2.6400000e+001  4.5941970e+002
  2.6500000e+001  4.5937385e+002
  2.6600000e+001  4.5932801e+002
  2.6700000e+001  4.5928216e+002
  2.6800000e+001  4.5923632e+002
  2.6900000e+001  4.5919048e+002
  2.7000000e+001  4.5914463e+002
  2.7100000e+001  4.5909879e+002
  2.7200000e+001  4.5905320e+002
  2.7300000e+001  4.5900905e+002
  2.7400000e+001  4.5896489e+002
  2.7500000e+001  4.5892074e+002
  2.7600000e+001  4.5887659e+002
  2.7700000e+001  4.5883244e+002
  2.7800000e+001  4.5878829e+002
  2.7900000e+001  4.5874414e+002
  2.8000000e+001  4.5869999e+002
  2.8100000e+001  4.5865584e+002
  2.8200000e+001  4.5861169e+002
  2.8300000e+001  4.5856753e+002
  2.8400000e+001  4.5852338e+002
  2.8500000e+001  4.5847923e+002
  2.8600000e+001  4.5843508e+002
  2.8700000e+001  4.5839093e+002
  2.8800000e+001  4.5834678e+002
  2.8900000e+001  4.5830263e+002
  2.9000000e+001  4.5825848e+002
  2.9100000e+001  4.5821433e+002
  2.9200000e+001  4.5817017e+002
  2.9300000e+001  4.5812602e+002
  2.9400000e+001  4.5808187e+002
  2.9500000e+001  4.5803772e+002
  2.9600000e+001  4.5799357e+002
  2.9700000e+001  4.5794942e+002
  2.9800000e+001  4.5790527e+002
  2.9900000e+001  4.5786112e+002
  3.0000000e+001  4.5781724e+002
  3.0100000e+001  4.5777451e+002
  3.0200000e+001  4.5773178e+002
  3.0300000e+001  4.5768905e+002
  3.0400000e+001  4.5764632e+002
  3.0500000e+001  4.5760359e+002
  3.0600000e+001  4.5756087e+002
  3.0700000e+001  4.5751814e+002
  3.0800000e+001  4.5747541e+002
  3.0900000e+001  4.5743268e+002
  3.1000000e+001  4.5738995e+002
  3.1100000e+001  4.5734722e+002
  3.1200000e+001  4.5730450e+002
  3.1300000e+001  4.5726177e+002
  3.1400000e+001  4.5721904e+002
  3.1500000e+001  4.5717631e+002
  3.1600000e+001  4.5713358e+002
  3.1700000e+001  4.5709085e+002
  3.1800000e+001  4.5704812e+002
  3.1900000e+001  4.5700540e+002
  3.2000000e+001  4.5696267e+002
  3.2100000e+001  4.5691994e+002
  3.2200000e+001  4.5687721e+002
  3.2300000e+001  4.5683448e+002
  3.2400000e+001  4.5679175e+002
  3.2500000e+001  4.5674902e+002
  3.2600000e+001  4.5670630e+002
  3.2700000e+001  4.5666357e+002
  3.2800000e+001  4.5662096e+002
  3.2900000e+001  4.5657940e+002
  3.3000000e+001  4.5653784e+002
  3.3100000e+001  4.5649629e+002
  3.3200000e+001  4.5645473e+002
  3.3300000e+001  4.5641317e+002
  3.3400000e+001  4.5637162e+002
  3.3500000e+001  4.5633006e+002
  3.3600000e+001  4.5628850e+002
  3.3700000e+001  4.5624695e+002
  3.3800000e+001  4.5620539e+002
  3.3900000e+001  4.5616383e+002
  3.4000000e+001  4.5612228e+002
  3.4100000e+001  4.5608072e+002
  3.4200000e+001  4.5603916e+002
  3.4300000e+001  4.5599761e+002
  3.4400000e+001  4.5595605e+002
  3.4500000e+001  4.5591449e+002
  3.4600000e+001  4.5587294e+002
  3.4700000e+001  4.5583138e+002
  3.4800000e+001  4.5578982e+002
  3.4900000e+001  4.5574827e+002
  3.5000000e+001  4.5570671e+002
  3.5100000e+001  4.5566515e+002
  3.5200000e+001  4.5562360e+002
  3.5300000e+001  4.5558204e+002
  3.5400000e+001  4.5554048e+002
  3.5500000e+001  4.5549893e+002
  3.5600000e+001  4.5545737e+002
  3.5700000e+001  4.5541673e+002
  3.5800000e+001  4.5537611e+002
  3.5900000e+001  4.5533548e+002
  3.6000000e+001  4.5529486e+002
  3.6100000e+001  4.5525424e+002
  3.6200000e+001  4.5521362e+002
  3.6300000e+001  4.5517300e+002
  3.6400000e+001  4.5513237e+002
  3.6500000e+001  4.5509175e+002
  3.6600000e+001  4.5505113e+002
  3.6700000e+001  4.5501051e+002
  3.6800000e+001  4.5496988e+002
  3.6900000e+001  4.5492926e+002
  3.7000000e+001  4.5488864e+002
  3.7100000e+001  4.5484802e+002
  3.7200000e+001  4.5480739e+002
  3.7300000e+001  4.5476677e+002
  3.7400000e+001  4.5472615e+002
  3.7500000e+001  4.5468553e+002
  3.7600000e+001  4.5464490e+002
  3.7700000e+001  4.5460428e+002
  3.7800000e+001  4.5456366e+002
  3.7900000e+001  4.5452304e+002
  3.8000000e+001  4.5448241e+002
  3.8100000e+001  4.5444179e+002
  3.8200000e+001  4.5440117e+002
  3.8300000e+001  4.5436055e+002
  3.8400000e+001  4.5431993e+002
  3.8500000e+001  4.5427996e+002
  3.8600000e+001  4.5424004e+002
  3.8700000e+001  4.5420013e+002
  3.8800000e+001  4.5416021e+002
  3.8900000e+001  4.5412029e+002
  3.9000000e+001  4.5408037e+002
  3.9100000e+001  4.5404046e+002
  3.9200000e+001  4.5400054e+002
  3.9300000e+001  4.5396062e+002
  3.9400000e+001  4.5392071e+002
  3.9500000e+001  4.5388079e+002
  3.9600000e+001  4.5384087e+002
  3.9700000e+001  4.5380096e+002
  3.9800000e+001  4.5376104e+002
  3.9900000e+001  4.5372112e+002
  4.0000000e+001  4.5368120e+002
  4.0100000e+001  4.5364129e+002
  4.0200000e+001  4.5360137e+002
  4.0300000e+001  4.5356145e+002
  4.0400000e+001  4.5352154e+002
  4.0500000e+001  4.5348162e+002
  4.0600000e+001  4.5344170e+002
  4.0700000e+001  4.5340179e+002
  4.0800000e+001  4.5336187e+002
  4.0900000e+001  4.5332195e+002
  4.1000000e+001  4.5328203e+002
  4.1100000e+001  4.5324212e+002
  4.1200000e+001  4.5320222e+002
  4.1300000e+001  4.5316279e+002
  4.1400000e+001  4.5312335e+002
  4.1500000e+001  4.5308391e+002
  4.1600000e+001  4.5304448e+002
  4.1700000e+001  4.5300504e+002
  4.1800000e+001  4.5296560e+002
  4.1900000e+001  4.5292616e+002
  4.2000000e+001  4.5288673e+002
  4.2100000e+001  4.5284729e+002
  4.2200000e+001  4.5280785e+002
  4.2300000e+001  4.5276842e+002
  4.2400000e+001  4.5272898e+002
  4.2500000e+001  4.5268954e+002
  4.2600000e+001  4.5265010e+002
  4.2700000e+001  4.5261067e+002
  4.2800000e+001  4.5257123e+002
  4.2900000e+001  4.5253179e+002
  4.3000000e+001  4.5249236e+002
  4.3100000e+001  4.5245292e+002
  4.3200000e+001  4.5241348e+002
  4.3300000e+001  4.5237405e+002
  4.3400000e+001  4.5233461e+002
  4.3500000e+001  4.5229517e+002
  4.3600000e+001  4.5225573e+002
  4.3700000e+001  4.5221630e+002
  4.3800000e+001  4.5217686e+002
  4.3900000e+001  4.5213742e+002
  4.4000000e+001  4.5209810e+002
  4.4100000e+001  4.5205891e+002
  4.4200000e+001  4.5201973e+002
  4.4300000e+001  4.5198054e+002
  4.4400000e+001  4.5194136e+002
  4.4500000e+001  4.5190218e+002
  4.4600000e+001  4.5186299e+002
  4.4700000e+001  4.5182381e+002
  4.4800000e+001  4.5178462e+002
  4.4900000e+001  4.5174544e+002
  4.5000000e+001  4.5170625e+002
  4.5100000e+001  4.5166707e+002
  4.5200000e+001  4.5162789e+002
  4.5300000e+001  4.5158870e+002
  4.5400000e+001  4.5154952e+002
  4.5500000e+001  4.5151033e+002
  4.5600000e+001  4.5147115e+002
  4.5700000e+001  4.5143197e+002
  4.5800000e+001  4.5139278e+002
  4.5900000e+001  4.5135360e+002
  4.6000000e+001  4.5131441e+002
  4.6100000e+001  4.5127523e+002
  4.6200000e+001  4.5123605e+002
  4.6300000e+001  4.5119686e+002
  4.6400000e+001  4.5115768e+002
  4.6500000e+001  4.5111849e+002
  4.6600000e+001  4.5107931e+002
  4.6700000e+001  4.5104013e+002
  4.6800000e+001  4.5100096e+002
  4.6900000e+001  4.5096180e+002
  4.7000000e+001  4.5092263e+002
  4.7100000e+001  4.5088347e+002
  4.7200000e+001  4.5084430e+002
  4.7300000e+001  4.5080514e+002
  4.7400000e+001  4.5076598e+002
  4.7500000e+001  4.5072681e+002
  4.7600000e+001  4.5068765e+002
  4.7700000e+001  4.5064848e+002
  4.7800000e+001  4.5060932e+002
  4.7900000e+001  4.5057015e+002
  4.8000000e+001  4.5053099e+002
  4.8100000e+001  4.5049182e+002
  4.8200000e+001  4.5045266e+002
  4.8300000e+001  4.5041349e+002
  4.8400000e+001  4.5037433e+002
  4.8500000e+001  4.5033516e+002
  4.8600000e+001  4.5029600e+002
  4.8700000e+001  4.5025684e+002
  4.8800000e+001  4.5021767e+002
  4.8900000e+001  4.5017851e+002
  4.9000000e+001  4.5013934e+002
  4.9100000e+001  4.5010018e+002
  4.9200000e+001  4.5006101e+002
  4.9300000e+001  4.5002185e+002
  4.9400000e+001  4.4998259e+002
  4.9500000e+001  4.4994319e+002
  4.9600000e+001  4.4990380e+002
  4.9700000e+001  4.4986441e+002
  4.9800000e+001  4.4982502e+002
  4.9900000e+001  4.4978563e+002
  5.0000000e+001  4.4974624e+002
  5.0100000e+001  4.4970685e+002
  5.0200000e+001  4.4966746e+002
  5.0300000e+001  4.4962807e+002
  5.0400000e+001  4.4958867e+002
  5.0500000e+001  4.4954928e+002
  5.0600000e+001  4.4950989e+002
  5.0700000e+001  4.4947050e+002
  5.0800000e+001  4.4943111e+002
  5.0900000e+001  4.4939172e+002
  5.1000000e+001  4.4935233e+002
  5.1100000e+001  4.4931294e+002
  5.1200000e+001  4.4927355e+002
  5.1300000e+001  4.4923415e+002
  5.1400000e+001  4.4919476e+002
  5.1500000e+001  4.4915537e+002
  5.1600000e+001  4.4911598e+002
  5.1700000e+001  4.4907659e+002
  5.1800000e+001  4.4903720e+002
  5.1900000e+001  4.4899781e+002
  5.2000000e+001  4.4895830e+002
  5.2100000e+001  4.4891842e+002
  5.2200000e+001  4.4887854e+002
  5.2300000e+001  4.4883865e+002
  5.2400000e+001  4.4879877e+002
  5.2500000e+001  4.4875889e+002
  5.2600000e+001  4.4871901e+002
  5.2700000e+001  4.4867912e+002
  5.2800000e+001  4.4863924e+002
  5.2900000e+001  4.4859936e+002
  5.3000000e+001  4.4855948e+002
  5.3100000e+001  4.4851959e+002
  5.3200000e+001  4.4847971e+002
  5.3300000e+001  4.4843983e+002
  5.3400000e+001  4.4839995e+002
  5.3500000e+001  4.4836006e+002
  5.3600000e+001  4.4832018e+002
  5.3700000e+001  4.4828030e+002
  5.3800000e+001  4.4824042e+002
  5.3900000e+001  4.4820053e+002
  5.4000000e+001  4.4816065e+002
  5.4100000e+001  4.4812077e+002
  5.4200000e+001  4.4808089e+002
  5.4300000e+001  4.4804100e+002
  5.4400000e+001  4.4800112e+002
  5.4500000e+001  4.4796124e+002
  5.4600000e+001  4.4792080e+002
  5.4700000e+001  4.4788014e+002
  5.4800000e+001  4.4783948e+002
  5.4900000e+001  4.4779882e+002
  5.5000000e+001  4.4775816e+002
  5.5100000e+001  4.4771750e+002
  5.5200000e+001  4.4767683e+002
  5.5300000e+001  4.4763617e+002
  5.5400000e+001  4.4759551e+002
  5.5500000e+001  4.4755485e+002
  5.5600000e+001  4.4751419e+002
  5.5700000e+001  4.4747353e+002
  5.5800000e+001  4.4743287e+002
  5.5900000e+001  4.4739221e+002
  5.6000000e+001  4.4735154e+002
  5.6100000e+001  4.4731088e+002
  5.6200000e+001  4.4727022e+002
  5.6300000e+001  4.4722956e+002
  5.6400000e+001  4.4718890e+002
  5.6500000e+001  4.4714824e+002
  5.6600000e+001  4.4710758e+002
  5.6700000e+001  4.4706692e+002
  5.6800000e+001  4.4702626e+002
  5.6900000e+001  4.4698559e+002
  5.7000000e+001  4.4694493e+002
  5.7100000e+001  4.4690340e+002
  5.7200000e+001  4.4686184e+002
  5.7300000e+001  4.4682027e+002
  5.7400000e+001  4.4677871e+002
  5.7500000e+001  4.4673714e+002
  5.7600000e+001  4.4669558e+002
  5.7700000e+001  4.4665401e+002
  5.7800000e+001  4.4661244e+002
  5.7900000e+001  4.4657088e+002
  5.8000000e+001  4.4652931e+002
  5.8100000e+001  4.4648775e+002
  5.8200000e+001  4.4644618e+002
  5.8300000e+001  4.4640462e+002
  5.8400000e+001  4.4636305e+002
  5.8500000e+001  4.4632149e+002
  5.8600000e+001  4.4627992e+002
  5.8700000e+001  4.4623835e+002
  5.8800000e+001  4.4619679e+002
  5.8900000e+001  4.4615522e+002
  5.9000000e+001  4.4611366e+002
  5.9100000e+001  4.4607209e+002
  5.9200000e+001  4.4603053e+002
  5.9300000e+001  4.4598896e+002
  5.9400000e+001  4.4594739e+002
  5.9500000e+001  4.4590502e+002
  5.9600000e+001  4.4586266e+002
  5.9700000e+001  4.4582030e+002
  5.9800000e+001  4.4577794e+002
  5.9900000e+001  4.4573557e+002
  6.0000000e+001  4.4569321e+002
  6.0100000e+001  4.4565085e+002
  6.0200000e+001  4.4560849e+002
  6.0300000e+001  4.4556613e+002
  6.0400000e+001  4.4552376e+002
  6.0500000e+001  4.4548140e+002
  6.0600000e+001  4.4543904e+002
  6.0700000e+001  4.4539668e+002
  6.0800000e+001  4.4535431e+002
  6.0900000e+001  4.4531195e+002
  6.1000000e+001  4.4526959e+002
  6.1100000e+001  4.4522723e+002
  6.1200000e+001  4.4518486e+002
  6.1300000e+001  4.4514250e+002
  6.1400000e+001  4.4510014e+002
  6.1500000e+001  4.4505778e+002
  6.1600000e+001  4.4501541e+002
  6.1700000e+001  4.4497305e+002
  6.1800000e+001  4.4493015e+002
  6.1900000e+001  4.4488713e+002
  6.2000000e+001  4.4484411e+002
  6.2100000e+001  4.4480109e+002
  6.2200000e+001  4.4475807e+002
  6.2300000e+001  4.4471505e+002
  6.2400000e+001  4.4467203e+002
  6.2500000e+001  4.4462901e+002
  6.2600000e+001  4.4458599e+002
  6.2700000e+001  4.4454297e+002
  6.2800000e+001  4.4449995e+002
  6.2900000e+001  4.4445693e+002
  6.3000000e+001  4.4441391e+002
  6.3100000e+001  4.4437089e+002
  6.3200000e+001  4.4432787e+002
  6.3300000e+001  4.4428485e+002
  6.3400000e+001  4.4424183e+002
  6.3500000e+001  4.4419881e+002
  6.3600000e+001  4.4415579e+002
  6.3700000e+001  4.4411277e+002
  6.3800000e+001  4.4406975e+002
  6.3900000e+001  4.4402674e+002
  6.4000000e+001  4.4398356e+002
  6.4100000e+001  4.4394004e+002
  6.4200000e+001  4.4389652e+002
  6.4300000e+001  4.4385300e+002
  6.4400000e+001  4.4380948e+002
  6.4500000e+001  4.4376596e+002
  6.4600000e+001  4.4372244e+002
  6.4700000e+001  4.4367892e+002
  6.4800000e+001  4.4363540e+002
  6.4900000e+001  4.4359188e+002
  6.5000000e+001  4.4354836e+002
  6.5100000e+001  4.4350484e+002
  6.5200000e+001  4.4346132e+002
  6.5300000e+001  4.4341780e+002
  6.5400000e+001  4.4337428e+002
  6.5500000e+001  4.4333076e+002
  6.5600000e+001  4.4328724e+002
  6.5700000e+001  4.4324372e+002
  6.5800000e+001  4.4320020e+002
  6.5900000e+001  4.4315668e+002
  6.6000000e+001  4.4311316e+002
  6.6100000e+001  4.4306964e+002
  6.6200000e+001  4.4302597e+002
  6.6300000e+001  4.4298212e+002
  6.6400000e+001  4.4293828e+002
  6.6500000e+001  4.4289443e+002
  6.6600000e+001  4.4285059e+002
  6.6700000e+001  4.4280675e+002
  6.6800000e+001  4.4276290e+002
  6.6900000e+001  4.4271906e+002
  6.7000000e+001  4.4267521e+002
  6.7100000e+001  4.4263137e+002
  6.7200000e+001  4.4258752e+002
  6.7300000e+001  4.4254368e+002
  6.7400000e+001  4.4249984e+002
  6.7500000e+001  4.4245599e+002
  6.7600000e+001  4.4241215e+002
  6.7700000e+001  4.4236830e+002
  6.7800000e+001  4.4232446e+002
  6.7900000e+001  4.4228061e+002
  6.8000000e+001  4.4223677e+002
  6.8100000e+001  4.4219293e+002
  6.8200000e+001  4.4214908e+002
  6.8300000e+001  4.4210521e+002
  6.8400000e+001  4.4206124e+002
  6.8500000e+001  4.4201726e+002
  6.8600000e+001  4.4197329e+002
  6.8700000e+001  4.4192931e+002
  6.8800000e+001  4.4188533e+002
  6.8900000e+001  4.4184136e+002
  6.9000000e+001  4.4179738e+002
  6.9100000e+001  4.4175341e+002
  6.9200000e+001  4.4170943e+002
  6.9300000e+001  4.4166546e+002
  6.9400000e+001  4.4162148e+002
  6.9500000e+001  4.4157751e+002
  6.9600000e+001  4.4153353e+002
  6.9700000e+001  4.4148956e+002
  6.9800000e+001  4.4144558e+002
  6.9900000e+001  4.4140161e+002
  7.0000000e+001  4.4135763e+002
  7.0100000e+001  4.4131365e+002
  7.0200000e+001  4.4126968e+002
  7.0300000e+001  4.4122570e+002
  7.0400000e+001  4.4118176e+002
  7.0500000e+001  4.4113787e+002
  7.0600000e+001  4.4109397e+002
  7.0700000e+001  4.4105007e+002
  7.0800000e+001  4.4100618e+002
  7.0900000e+001  4.4096228e+002
  7.1000000e+001  4.4091838e+002
  7.1100000e+001  4.4087449e+002
  7.1200000e+001  4.4083059e+002
  7.1300000e+001  4.4078669e+002
  7.1400000e+001  4.4074279e+002
  7.1500000e+001  4.4069890e+002
  7.1600000e+001  4.4065500e+002
  7.1700000e+001  4.4061110e+002
  7.1800000e+001  4.4056721e+002
  7.1900000e+001  4.4052331e+002
  7.2000000e+001  4.4047941e+002
  7.2100000e+001  4.4043551e+002
  7.2200000e+001  4.4039162e+002
  7.2300000e+001  4.4034772e+002
  7.2400000e+001  4.4030389e+002
  7.2500000e+001  4.4026029e+002
  7.2600000e+001  4.4021670e+002
  7.2700000e+001  4.4017310e+002
  7.2800000e+001  4.4012951e+002
  7.2900000e+001  4.4008591e+002
  7.3000000e+001  4.4004232e+002
  7.3100000e+001  4.3999872e+002
  7.3200000e+001  4.3995513e+002
  7.3300000e+001  4.3991153e+002
  7.3400000e+001  4.3986794e+002
  7.3500000e+001  4.3982434e+002
  7.3600000e+001  4.3978075e+002
  7.3700000e+001  4.3973715e+002
  7.3800000e+001  4.3969356e+002
  7.3900000e+001  4.3964996e+002
  7.4000000e+001  4.3960637e+002
  7.4100000e+001  4.3956278e+002
  7.4200000e+001  4.3951918e+002
  7.4300000e+001  4.3947559e+002
  7.4400000e+001  4.3943219e+002
  7.4500000e+001  4.3938913e+002
  7.4600000e+001  4.3934608e+002
  7.4700000e+001  4.3930302e+002
  7.4800000e+001  4.3925996e+002
  7.4900000e+001  4.3921691e+002
  7.5000000e+001  4.3917385e+002
  7.5100000e+001  4.3913079e+002
  7.5200000e+001  4.3908774e+002
  7.5300000e+001  4.3904468e+002
  7.5400000e+001  4.3900162e+002
  7.5500000e+001  4.3895857e+002
  7.5600000e+001  4.3891551e+002
  7.5700000e+001  4.3887245e+002
  7.5800000e+001  4.3882940e+002
  7.5900000e+001  4.3878634e+002
  7.6000000e+001  4.3874328e+002
  7.6100000e+001  4.3870023e+002
  7.6200000e+001  4.3865717e+002
  7.6300000e+001  4.3861412e+002
  7.6400000e+001  4.3857176e+002
  7.6500000e+001  4.3852949e+002
  7.6600000e+001  4.3848721e+002
  7.6700000e+001  4.3844494e+002
  7.6800000e+001  4.3840267e+002
  7.6900000e+001  4.3836039e+002
  7.7000000e+001  4.3831812e+002
  7.7100000e+001  4.3827585e+002
  7.7200000e+001  4.3823357e+002
  7.7300000e+001  4.3819130e+002
  7.7400000e+001  4.3814903e+002
  7.7500000e+001  4.3810675e+002
  7.7600000e+001  4.3806448e+002
  7.7700000e+001  4.3802221e+002
  7.7800000e+001  4.3797993e+002
  7.7900000e+001  4.3793766e+002
  7.8000000e+001  4.3789539e+002
  7.8100000e+001  4.3785311e+002
  7.8200000e+001  4.3781084e+002
  7.8300000e+001  4.3776933e+002
  7.8400000e+001  4.3772809e+002
  7.8500000e+001  4.3768685e+002
  7.8600000e+001  4.3764561e+002
  7.8700000e+001  4.3760437e+002
  7.8800000e+001  4.3756313e+002
  7.8900000e+001  4.3752189e+002
  7.9000000e+001  4.3748065e+002
  7.9100000e+001  4.3743941e+002
  7.9200000e+001  4.3739817e+002
  7.9300000e+001  4.3735693e+002
  7.9400000e+001  4.3731569e+002
  7.9500000e+001  4.3727445e+002
  7.9600000e+001  4.3723321e+002
  7.9700000e+001  4.3719197e+002
  7.9800000e+001  4.3715073e+002
  7.9900000e+001  4.3710949e+002
  8.0000000e+001  4.3706825e+002
  8.0100000e+001  4.3702701e+002
  8.0200000e+001  4.3698684e+002
  8.0300000e+001  4.3694688e+002
  8.0400000e+001  4.3690693e+002
  8.0500000e+001  4.3686697e+002
  8.0600000e+001  4.3682702e+002
  8.0700000e+001  4.3678706e+002
  8.0800000e+001  4.3674711e+002
  8.0900000e+001  4.3670715e+002
  8.1000000e+001  4.3666720e+002
  8.1100000e+001  4.3662724e+002
  8.1200000e+001  4.3658728e+002
  8.1300000e+001  4.3654733e+002
  8.1400000e+001  4.3650737e+002
  8.1500000e+001  4.3646742e+002
  8.1600000e+001  4.3642746e+002
  8.1700000e+001  4.3638751e+002
  8.1800000e+001  4.3634755e+002
  8.1900000e+001  4.3630759e+002
  8.2000000e+001  4.3626785e+002
  8.2100000e+001  4.3622942e+002
  8.2200000e+001  4.3619100e+002
  8.2300000e+001  4.3615258e+002
  8.2400000e+001  4.3611415e+002
  8.2500000e+001  4.3607573e+002
  8.2600000e+001  4.3603731e+002
  8.2700000e+001  4.3599888e+002
  8.2800000e+001  4.3596046e+002
  8.2900000e+001  4.3592204e+002
  8.3000000e+001  4.3588361e+002
  8.3100000e+001  4.3584519e+002
  8.3200000e+001  4.3580677e+002
  8.3300000e+001  4.3576834e+002
  8.3400000e+001  4.3572992e+002
  8.3500000e+001  4.3569150e+002
  8.3600000e+001  4.3565307e+002
  8.3700000e+001  4.3561465e+002
  8.3800000e+001  4.3557623e+002
  8.3900000e+001  4.3553883e+002
  8.4000000e+001  4.3550218e+002
  8.4100000e+001  4.3546553e+002
  8.4200000e+001  4.3542888e+002
  8.4300000e+001  4.3539223e+002
  8.4400000e+001  4.3535558e+002
  8.4500000e+001  4.3531893e+002
  8.4600000e+001  4.3528228e+002
  8.4700000e+001  4.3524563e+002
  8.4800000e+001  4.3520898e+002
  8.4900000e+001  4.3517233e+002
  8.5000000e+001  4.3513568e+002
  8.5100000e+001  4.3509903e+002
  8.5200000e+001  4.3506237e+002
  8.5300000e+001  4.3502572e+002
  8.5400000e+001  4.3498907e+002
  8.5500000e+001  4.3495242e+002
  8.5600000e+001  4.3491577e+002
  8.5700000e+001  4.3487936e+002
  8.5800000e+001  4.3484474e+002
  8.5900000e+001  4.3481011e+002
  8.6000000e+001  4.3477549e+002
  8.6100000e+001  4.3474087e+002
  8.6200000e+001  4.3470625e+002
  8.6300000e+001  4.3467163e+002
  8.6400000e+001  4.3463700e+002
  8.6500000e+001  4.3460238e+002
  8.6600000e+001  4.3456776e+002
  8.6700000e+001  4.3453314e+002
  8.6800000e+001  4.3449852e+002
  8.6900000e+001  4.3446389e+002
  8.7000000e+001  4.3442927e+002
  8.7100000e+001  4.3439465e+002
  8.7200000e+001  4.3436003e+002
  8.7300000e+001  4.3432541e+002
  8.7400000e+001  4.3429078e+002
  8.7500000e+001  4.3425616e+002
  8.7600000e+001  4.3422315e+002
  8.7700000e+001  4.3419086e+002
  8.7800000e+001  4.3415858e+002
  8.7900000e+001  4.3412630e+002
  8.8000000e+001  4.3409402e+002
  8.8100000e+001  4.3406173e+002
  8.8200000e+001  4.3402945e+002
  8.8300000e+001  4.3399717e+002
  8.8400000e+001  4.3396489e+002
  8.8500000e+001  4.3393260e+002
  8.8600000e+001  4.3390032e+002
  8.8700000e+001  4.3386804e+002
  8.8800000e+001  4.3383575e+002
  8.8900000e+001  4.3380347e+002
  8.9000000e+001  4.3377119e+002
  8.9100000e+001  4.3373891e+002
  8.9200000e+001  4.3370662e+002
  8.9300000e+001  4.3367434e+002
  8.9400000e+001  4.3364266e+002
  8.9500000e+001  4.3361301e+002
  8.9600000e+001  4.3358336e+002
  8.9700000e+001  4.3355372e+002
  8.9800000e+001  4.3352407e+002
  8.9900000e+001  4.3349443e+002
  9.0000000e+001  4.3346478e+002
  9.0100000e+001  4.3343513e+002
  9.0200000e+001  4.3340549e+002
  9.0300000e+001  4.3337584e+002
  9.0400000e+001  4.3334619e+002
  9.0500000e+001  4.3331655e+002
  9.0600000e+001  4.3328690e+002
  9.0700000e+001  4.3325726e+002
  9.0800000e+001  4.3322761e+002
  9.0900000e+001  4.3319796e+002
  9.1000000e+001  4.3316832e+002
  9.1100000e+001  4.3313867e+002
  9.1200000e+001  4.3310903e+002
  9.1300000e+001  4.3308133e+002
  9.1400000e+001  4.3305458e+002
  9.1500000e+001  4.3302784e+002
  9.1600000e+001  4.3300109e+002
  9.1700000e+001  4.3297435e+002
  9.1800000e+001  4.3294760e+002
  9.1900000e+001  4.3292086e+002
  9.2000000e+001  4.3289411e+002
  9.2100000e+001  4.3286737e+002
  9.2200000e+001  4.3284062e+002
  9.2300000e+001  4.3281388e+002
  9.2400000e+001  4.3278714e+002
  9.2500000e+001  4.3276039e+002
  9.2600000e+001  4.3273365e+002
  9.2700000e+001  4.3270690e+002
  9.2800000e+001  4.3268016e+002
  9.2900000e+001  4.3265341e+002
  9.3000000e+001  4.3262667e+002
  9.3100000e+001  4.3259992e+002
  9.3200000e+001  4.3257617e+002
  9.3300000e+001  4.3255256e+002
  9.3400000e+001  4.3252894e+002
  9.3500000e+001  4.3250533e+002
  9.3600000e+001  4.3248171e+002
  9.3700000e+001  4.3245810e+002
  9.3800000e+001  4.3243448e+002
  9.3900000e+001  4.3241087e+002
  9.4000000e+001  4.3238725e+002
  9.4100000e+001  4.3236364e+002
  9.4200000e+001  4.3234003e+002
  9.4300000e+001  4.3231641e+002
  9.4400000e+001  4.3229280e+002
  9.4500000e+001  4.3226918e+002
  9.4600000e+001  4.3224557e+002
  9.4700000e+001  4.3222195e+002
  9.4800000e+001  4.3219834e+002
  9.4900000e+001  4.3217472e+002
  9.5000000e+001  4.3215117e+002
  9.5100000e+001  4.3213087e+002
  9.5200000e+001  4.3211057e+002
  9.5300000e+001  4.3209028e+002
  9.5400000e+001  4.3206998e+002
  9.5500000e+001  4.3204969e+002
  9.5600000e+001  4.3202939e+002
  9.5700000e+001  4.3200910e+002
  9.5800000e+001  4.3198880e+002
  9.5900000e+001  4.3196851e+002
  9.6000000e+001  4.3194821e+002
  9.6100000e+001  4.3192791e+002
  9.6200000e+001  4.3190762e+002
  9.6300000e+001  4.3188732e+002
  9.6400000e+001  4.3186703e+002
  9.6500000e+001  4.3184673e+002
  9.6600000e+001  4.3182644e+002
  9.6700000e+001  4.3180614e+002
  9.6800000e+001  4.3178584e+002
  9.6900000e+001  4.3176555e+002
  9.7000000e+001  4.3174799e+002
  9.7100000e+001  4.3173116e+002
  9.7200000e+001  4.3171433e+002
  9.7300000e+001  4.3169750e+002
  9.7400000e+001  4.3168067e+002
  9.7500000e+001  4.3166384e+002
  9.7600000e+001  4.3164702e+002
  9.7700000e+001  4.3163019e+002
  9.7800000e+001  4.3161336e+002
  9.7900000e+001  4.3159653e+002
  9.8000000e+001  4.3157970e+002
  9.8100000e+001  4.3156287e+002
  9.8200000e+001  4.3154604e+002
  9.8300000e+001  4.3152921e+002
  9.8400000e+001  4.3151239e+002
  9.8500000e+001  4.3149556e+002
  9.8600000e+001  4.3147873e+002
  9.8700000e+001  4.3146190e+002
  9.8800000e+001  4.3144507e+002
  9.8900000e+001  4.3142898e+002
  9.9000000e+001  4.3141572e+002
  9.9100000e+001  4.3140247e+002
  9.9200000e+001  4.3138921e+002
  9.9300000e+001  4.3137596e+002
  9.9400000e+001  4.3136270e+002
  9.9500000e+001  4.3134944e+002
  9.9600000e+001  4.3133619e+002
  9.9700000e+001  4.3132293e+002
  9.9800000e+001  4.3130968e+002
  9.9900000e+001  4.3129642e+002
  1.0000000e+002  4.3128317e+002
  1.0010000e+002  4.3126991e+002
  1.0020000e+002  4.3125665e+002
  1.0030000e+002  4.3124340e+002
  1.0040000e+002  4.3123014e+002
  1.0050000e+002  4.3121689e+002
  1.0060000e+002  4.3120363e+002
  1.0070000e+002  4.3119037e+002
  1.0080000e+002  4.3117712e+002
  1.0090000e+002  4.3116461e+002
  1.0100000e+002  4.3115499e+002
  1.0110000e+002  4.3114538e+002
  1.0120000e+002  4.3113576e+002
  1.0130000e+002  4.3112614e+002
  1.0140000e+002  4.3111653e+002
  1.0150000e+002  4.3110691e+002
  1.0160000e+002  4.3109729e+002
  1.0170000e+002  4.3108768e+002
  1.0180000e+002  4.3107806e+002
  1.0190000e+002  4.3106844e+002
  1.0200000e+002  4.3105882e+002
  1.0210000e+002  4.3104921e+002
  1.0220000e+002  4.3103959e+002
  1.0230000e+002  4.3102997e+002
  1.0240000e+002  4.3102036e+002
  1.0250000e+002  4.3101074e+002
  1.0260000e+002  4.3100112e+002
  1.0270000e+002  4.3099150e+002
  1.0280000e+002  4.3098189e+002
  1.0290000e+002  4.3097227e+002
  1.0300000e+002  4.3096530e+002
  1.0310000e+002  4.3095935e+002
  1.0320000e+002  4.3095340e+002
  1.0330000e+002  4.3094745e+002
  1.0340000e+002  4.3094150e+002
  1.0350000e+002  4.3093555e+002
  1.0360000e+002  4.3092960e+002
  1.0370000e+002  4.3092365e+002
  1.0380000e+002  4.3091769e+002
  1.0390000e+002  4.3091174e+002
  1.0400000e+002  4.3090579e+002
  1.0410000e+002  4.3089984e+002
  1.0420000e+002  4.3089389e+002
  1.0430000e+002  4.3088794e+002
  1.0440000e+002  4.3088199e+002
  1.0450000e+002  4.3087604e+002
  1.0460000e+002  4.3087009e+002
  1.0470000e+002  4.3086414e+002
  1.0480000e+002  4.3085819e+002
  1.0490000e+002  4.3085224e+002
  1.0500000e+002  4.3084629e+002
  1.0510000e+002  4.3084286e+002
  1.0520000e+002  4.3084057e+002
  1.0530000e+002  4.3083828e+002
  1.0540000e+002  4.3083599e+002
  1.0550000e+002  4.3083369e+002
  1.0560000e+002  4.3083140e+002
  1.0570000e+002  4.3082911e+002
  1.0580000e+002  4.3082682e+002
  1.0590000e+002  4.3082453e+002
  1.0600000e+002  4.3082224e+002
  1.0610000e+002  4.3081995e+002
  1.0620000e+002  4.3081765e+002
  1.0630000e+002  4.3081536e+002
  1.0640000e+002  4.3081307e+002
  1.0650000e+002  4.3081078e+002
  1.0660000e+002  4.3080849e+002
  1.0670000e+002  4.3080620e+002
  1.0680000e+002  4.3080391e+002
  1.0690000e+002  4.3080161e+002
  1.0700000e+002  4.3079932e+002
  1.0710000e+002  4.3079703e+002
  1.0720000e+002  4.3079490e+002
  1.0730000e+002  4.3079623e+002
  1.0740000e+002  4.3079756e+002
  1.0750000e+002  4.3079889e+002
  1.0760000e+002  4.3080022e+002
  1.0770000e+002  4.3080155e+002
  1.0780000e+002  4.3080288e+002
  1.0790000e+002  4.3080421e+002
  1.0800000e+002  4.3080554e+002
  1.0810000e+002  4.3080687e+002
  1.0820000e+002  4.3080819e+002
  1.0830000e+002  4.3080952e+002
  1.0840000e+002  4.3081085e+002
  1.0850000e+002  4.3081218e+002
  1.0860000e+002  4.3081351e+002
  1.0870000e+002  4.3081484e+002
  1.0880000e+002  4.3081617e+002
  1.0890000e+002  4.3081750e+002
  1.0900000e+002  4.3081883e+002
  1.0910000e+002  4.3082016e+002
  1.0920000e+002  4.3082149e+002
  1.0930000e+002  4.3082282e+002
  1.0940000e+002  4.3082414e+002
  1.0950000e+002  4.3082804e+002
  1.0960000e+002  4.3083293e+002
  1.0970000e+002  4.3083781e+002
  1.0980000e+002  4.3084269e+002
  1.0990000e+002  4.3084758e+002
  1.1000000e+002  4.3085246e+002
  1.1010000e+002  4.3085735e+002
  1.1020000e+002  4.3086223e+002
  1.1030000e+002  4.3086712e+002
  1.1040000e+002  4.3087200e+002
  1.1050000e+002  4.3087688e+002
  1.1060000e+002  4.3088177e+002
  1.1070000e+002  4.3088665e+002
  1.1080000e+002  4.3089154e+002
  1.1090000e+002  4.3089642e+002
  1.1100000e+002  4.3090131e+002
  1.1110000e+002  4.3090619e+002
  1.1120000e+002  4.3091107e+002
  1.1130000e+002  4.3091596e+002
  1.1140000e+002  4.3092084e+002
  1.1150000e+002  4.3092573e+002
  1.1160000e+002  4.3093061e+002
  1.1170000e+002  4.3093549e+002
  1.1180000e+002  4.3094266e+002
  1.1190000e+002  4.3095101e+002
  1.1200000e+002  4.3095936e+002
  1.1210000e+002  4.3096771e+002
  1.1220000e+002  4.3097606e+002
  1.1230000e+002  4.3098441e+002
  1.1240000e+002  4.3099276e+002
  1.1250000e+002  4.3100111e+002
  1.1260000e+002  4.3100947e+002
  1.1270000e+002  4.3101782e+002
  1.1280000e+002  4.3102617e+002
  1.1290000e+002  4.3103452e+002
  1.1300000e+002  4.3104287e+002
  1.1310000e+002  4.3105122e+002
  1.1320000e+002  4.3105957e+002
  1.1330000e+002  4.3106792e+002
  1.1340000e+002  4.3107627e+002
  1.1350000e+002  4.3108462e+002
  1.1360000e+002  4.3109297e+002
  1.1370000e+002  4.3110132e+002
  1.1380000e+002  4.3110968e+002
  1.1390000e+002  4.3111803e+002
  1.1400000e+002  4.3112638e+002
  1.1410000e+002  4.3113473e+002
  1.1420000e+002  4.3114568e+002
  1.1430000e+002  4.3115733e+002
  1.1440000e+002  4.3116899e+002
  1.1450000e+002  4.3118064e+002
  1.1460000e+002  4.3119230e+002
  1.1470000e+002  4.3120396e+002
  1.1480000e+002  4.3121561e+002
  1.1490000e+002  4.3122727e+002
  1.1500000e+002  4.3123892e+002
  1.1510000e+002  4.3125058e+002
  1.1520000e+002  4.3126223e+002
  1.1530000e+002  4.3127389e+002
  1.1540000e+002  4.3128555e+002
  1.1550000e+002  4.3129720e+002
  1.1560000e+002  4.3130886e+002
  1.1570000e+002  4.3132051e+002
  1.1580000e+002  4.3133217e+002
  1.1590000e+002  4.3134382e+002
  1.1600000e+002  4.3135548e+002
  1.1610000e+002  4.3136714e+002
  1.1620000e+002  4.3137879e+002
  1.1630000e+002  4.3139045e+002
  1.1640000e+002  4.3140210e+002
  1.1650000e+002  4.3141376e+002
  1.1660000e+002  4.3142560e+002
  1.1670000e+002  4.3144008e+002
  1.1680000e+002  4.3145457e+002
  1.1690000e+002  4.3146906e+002
  1.1700000e+002  4.3148354e+002
  1.1710000e+002  4.3149803e+002
  1.1720000e+002  4.3151252e+002
  1.1730000e+002  4.3152700e+002
  1.1740000e+002  4.3154149e+002
  1.1750000e+002  4.3155598e+002
  1.1760000e+002  4.3157046e+002
  1.1770000e+002  4.3158495e+002
  1.1780000e+002  4.3159944e+002
  1.1790000e+002  4.3161392e+002
  1.1800000e+002  4.3162841e+002
  1.1810000e+002  4.3164290e+002
  1.1820000e+002  4.3165739e+002
  1.1830000e+002  4.3167187e+002
  1.1840000e+002  4.3168636e+002
  1.1850000e+002  4.3170085e+002
  1.1860000e+002  4.3171533e+002
  1.1870000e+002  4.3172982e+002
  1.1880000e+002  4.3174431e+002
  1.1890000e+002  4.3175879e+002
  1.1900000e+002  4.3177328e+002
  1.1910000e+002  4.3178777e+002
  1.1920000e+002  4.3180360e+002
  1.1930000e+002  4.3182040e+002
  1.1940000e+002  4.3183720e+002
  1.1950000e+002  4.3185400e+002
  1.1960000e+002  4.3187081e+002
  1.1970000e+002  4.3188761e+002
  1.1980000e+002  4.3190441e+002
  1.1990000e+002  4.3192121e+002
  1.2000000e+002  4.3193801e+002
  1.2010000e+002  4.3195482e+002
  1.2020000e+002  4.3197162e+002
  1.2030000e+002  4.3198842e+002
  1.2040000e+002  4.3200522e+002
  1.2050000e+002  4.3202203e+002
  1.2060000e+002  4.3203883e+002
  1.2070000e+002  4.3205563e+002
  1.2080000e+002  4.3207243e+002
  1.2090000e+002  4.3208924e+002
  1.2100000e+002  4.3210604e+002
  1.2110000e+002  4.3212284e+002
  1.2120000e+002  4.3213964e+002
  1.2130000e+002  4.3215645e+002
  1.2140000e+002  4.3217325e+002
  1.2150000e+002  4.3219005e+002
  1.2160000e+002  4.3220685e+002
  1.2170000e+002  4.3222365e+002
  1.2180000e+002  4.3224134e+002
  1.2190000e+002  4.3226001e+002
  1.2200000e+002  4.3227869e+002
  1.2210000e+002  4.3229736e+002
  1.2220000e+002  4.3231604e+002
  1.2230000e+002  4.3233471e+002
  1.2240000e+002  4.3235339e+002
  1.2250000e+002  4.3237206e+002
  1.2260000e+002  4.3239073e+002
  1.2270000e+002  4.3240941e+002
  1.2280000e+002  4.3242808e+002
  1.2290000e+002  4.3244676e+002
  1.2300000e+002  4.3246543e+002
  1.2310000e+002  4.3248411e+002
  1.2320000e+002  4.3250278e+002
  1.2330000e+002  4.3252145e+002
  1.2340000e+002  4.3254013e+002
  1.2350000e+002  4.3255880e+002
  1.2360000e+002  4.3257748e+002
  1.2370000e+002  4.3259615e+002
  1.2380000e+002  4.3261483e+002
  1.2390000e+002  4.3263350e+002
  1.2400000e+002  4.3265218e+002
  1.2410000e+002  4.3267085e+002
  1.2420000e+002  4.3268952e+002
  1.2430000e+002  4.3270820e+002
  1.2440000e+002  4.3272687e+002
  1.2450000e+002  4.3274685e+002
  1.2460000e+002  4.3276700e+002
  1.2470000e+002  4.3278716e+002
  1.2480000e+002  4.3280731e+002
  1.2490000e+002  4.3282747e+002
  1.2500000e+002  4.3284763e+002
  1.2510000e+002  4.3286778e+002
  1.2520000e+002  4.3288794e+002
  1.2530000e+002  4.3290809e+002
  1.2540000e+002  4.3292825e+002
  1.2550000e+002  4.3294840e+002
  1.2560000e+002  4.3296856e+002
  1.2570000e+002  4.3298872e+002
  1.2580000e+002  4.3300887e+002
  1.2590000e+002  4.3302903e+002
  1.2600000e+002  4.3304918e+002
  1.2610000e+002  4.3306934e+002
  1.2620000e+002  4.3308949e+002
  1.2630000e+002  4.3310965e+002
  1.2640000e+002  4.3312981e+002
  1.2650000e+002  4.3314996e+002
  1.2660000e+002  4.3317012e+002
  1.2670000e+002  4.3319027e+002
  1.2680000e+002  4.3321043e+002
  1.2690000e+002  4.3323059e+002
  1.2700000e+002  4.3325074e+002
  1.2710000e+002  4.3327090e+002
  1.2720000e+002  4.3329211e+002
  1.2730000e+002  4.3331339e+002
  1.2740000e+002  4.3333468e+002
  1.2750000e+002  4.3335596e+002
  1.2760000e+002  4.3337724e+002
  1.2770000e+002  4.3339853e+002
  1.2780000e+002  4.3341981e+002
  1.2790000e+002  4.3344110e+002
  1.2800000e+002  4.3346238e+002
  1.2810000e+002  4.3348367e+002
  1.2820000e+002  4.3350495e+002
  1.2830000e+002  4.3352623e+002
  1.2840000e+002  4.3354752e+002
  1.2850000e+002  4.3356880e+002
  1.2860000e+002  4.3359009e+002
  1.2870000e+002  4.3361137e+002
  1.2880000e+002  4.3363266e+002
  1.2890000e+002  4.3365394e+002
  1.2900000e+002  4.3367522e+002
  1.2910000e+002  4.3369651e+002
  1.2920000e+002  4.3371779e+002
  1.2930000e+002  4.3373908e+002
  1.2940000e+002  4.3376036e+002
  1.2950000e+002  4.3378164e+002
  1.2960000e+002  4.3380293e+002
  1.2970000e+002  4.3382421e+002
  1.2980000e+002  4.3384550e+002
  1.2990000e+002  4.3386741e+002
  1.3000000e+002  4.3388949e+002
  1.3010000e+002  4.3391158e+002
  1.3020000e+002  4.3393366e+002
  1.3030000e+002  4.3395575e+002
  1.3040000e+002  4.3397783e+002
  1.3050000e+002  4.3399992e+002
  1.3060000e+002  4.3402200e+002
  1.3070000e+002  4.3404409e+002
  1.3080000e+002  4.3406617e+002
  1.3090000e+002  4.3408826e+002
  1.3100000e+002  4.3411034e+002
  1.3110000e+002  4.3413243e+002
  1.3120000e+002  4.3415451e+002
  1.3130000e+002  4.3417660e+002
  1.3140000e+002  4.3419868e+002
  1.3150000e+002  4.3422077e+002
  1.3160000e+002  4.3424285e+002
  1.3170000e+002  4.3426494e+002
  1.3180000e+002  4.3428702e+002
  1.3190000e+002  4.3430911e+002
  1.3200000e+002  4.3433119e+002
  1.3210000e+002  4.3435328e+002
  1.3220000e+002  4.3437536e+002
  1.3230000e+002  4.3439745e+002
  1.3240000e+002  4.3441953e+002
  1.3250000e+002  4.3444162e+002
  1.3260000e+002  4.3446398e+002
  1.3270000e+002  4.3448655e+002
  1.3280000e+002  4.3450912e+002
  1.3290000e+002  4.3453170e+002
  1.3300000e+002  4.3455427e+002
  1.3310000e+002  4.3457684e+002
  1.3320000e+002  4.3459942e+002
  1.3330000e+002  4.3462199e+002
  1.3340000e+002  4.3464456e+002
  1.3350000e+002  4.3466713e+002
  1.3360000e+002  4.3468971e+002
  1.3370000e+002  4.3471228e+002
  1.3380000e+002  4.3473485e+002
  1.3390000e+002  4.3475743e+002
  1.3400000e+002  4.3478000e+002
  1.3410000e+002  4.3480257e+002
  1.3420000e+002  4.3482515e+002
  1.3430000e+002  4.3484772e+002
  1.3440000e+002  4.3487029e+002
  1.3450000e+002  4.3489286e+002
  1.3460000e+002  4.3491544e+002
  1.3470000e+002  4.3493801e+002
  1.3480000e+002  4.3496058e+002
  1.3490000e+002  4.3498316e+002
  1.3500000e+002  4.3500573e+002
  1.3510000e+002  4.3502830e+002
  1.3520000e+002  4.3505087e+002
  1.3530000e+002  4.3507352e+002
  1.3540000e+002  4.3509627e+002
  1.3550000e+002  4.3511903e+002
  1.3560000e+002  4.3514178e+002
  1.3570000e+002  4.3516453e+002
  1.3580000e+002  4.3518729e+002
  1.3590000e+002  4.3521004e+002
  1.3600000e+002  4.3523279e+002
  1.3610000e+002  4.3525555e+002
  1.3620000e+002  4.3527830e+002
  1.3630000e+002  4.3530105e+002
  1.3640000e+002  4.3532381e+002
  1.3650000e+002  4.3534656e+002
  1.3660000e+002  4.3536931e+002
  1.3670000e+002  4.3539207e+002
  1.3680000e+002  4.3541482e+002
  1.3690000e+002  4.3543757e+002
  1.3700000e+002  4.3546033e+002
  1.3710000e+002  4.3548308e+002
  1.3720000e+002  4.3550583e+002
  1.3730000e+002  4.3552859e+002
  1.3740000e+002  4.3555134e+002
  1.3750000e+002  4.3557409e+002
  1.3760000e+002  4.3559684e+002
  1.3770000e+002  4.3561960e+002
  1.3780000e+002  4.3564235e+002
  1.3790000e+002  4.3566510e+002
  1.3800000e+002  4.3568780e+002
  1.3810000e+002  4.3571042e+002
  1.3820000e+002  4.3573304e+002
  1.3830000e+002  4.3575566e+002
  1.3840000e+002  4.3577828e+002
  1.3850000e+002  4.3580091e+002
  1.3860000e+002  4.3582353e+002
  1.3870000e+002  4.3584615e+002
  1.3880000e+002  4.3586877e+002
  1.3890000e+002  4.3589139e+002
  1.3900000e+002  4.3591401e+002
  1.3910000e+002  4.3593663e+002
  1.3920000e+002  4.3595926e+002
  1.3930000e+002  4.3598188e+002
  1.3940000e+002  4.3600450e+002
  1.3950000e+002  4.3602712e+002
  1.3960000e+002  4.3604974e+002
  1.3970000e+002  4.3607236e+002
  1.3980000e+002  4.3609499e+002
  1.3990000e+002  4.3611761e+002
  1.4000000e+002  4.3614023e+002
  1.4010000e+002  4.3616285e+002
  1.4020000e+002  4.3618547e+002
  1.4030000e+002  4.3620809e+002
  1.4040000e+002  4.3623071e+002
  1.4050000e+002  4.3625334e+002
  1.4060000e+002  4.3627596e+002
  1.4070000e+002  4.3629819e+002
  1.4080000e+002  4.3632035e+002
  1.4090000e+002  4.3634252e+002
  1.4100000e+002  4.3636468e+002
  1.4110000e+002  4.3638684e+002
  1.4120000e+002  4.3640901e+002
  1.4130000e+002  4.3643117e+002
  1.4140000e+002  4.3645333e+002
  1.4150000e+002  4.3647550e+002
  1.4160000e+002  4.3649766e+002
  1.4170000e+002  4.3651982e+002
  1.4180000e+002  4.3654199e+002
  1.4190000e+002  4.3656415e+002
  1.4200000e+002  4.3658632e+002
  1.4210000e+002  4.3660848e+002
  1.4220000e+002  4.3663064e+002
  1.4230000e+002  4.3665281e+002
  1.4240000e+002  4.3667497e+002
  1.4250000e+002  4.3669713e+002
  1.4260000e+002  4.3671930e+002
  1.4270000e+002  4.3674146e+002
  1.4280000e+002  4.3676362e+002
  1.4290000e+002  4.3678579e+002
  1.4300000e+002  4.3680795e+002
  1.4310000e+002  4.3683011e+002
  1.4320000e+002  4.3685228e+002
  1.4330000e+002  4.3687385e+002
  1.4340000e+002  4.3689521e+002
  1.4350000e+002  4.3691656e+002
  1.4360000e+002  4.3693791e+002
  1.4370000e+002  4.3695927e+002
  1.4380000e+002  4.3698062e+002
  1.4390000e+002  4.3700197e+002
  1.4400000e+002  4.3702333e+002
  1.4410000e+002  4.3704468e+002
  1.4420000e+002  4.3706603e+002
  1.4430000e+002  4.3708738e+002
  1.4440000e+002  4.3710874e+002
  1.4450000e+002  4.3713009e+002
  1.4460000e+002  4.3715144e+002
  1.4470000e+002  4.3717280e+002
  1.4480000e+002  4.3719415e+002
  1.4490000e+002  4.3721550e+002
  1.4500000e+002  4.3723686e+002
  1.4510000e+002  4.3725821e+002
  1.4520000e+002  4.3727956e+002
  1.4530000e+002  4.3730091e+002
  1.4540000e+002  4.3732227e+002
  1.4550000e+002  4.3734362e+002
  1.4560000e+002  4.3736497e+002
  1.4570000e+002  4.3738633e+002
  1.4580000e+002  4.3740742e+002
  1.4590000e+002  4.3742757e+002
  1.4600000e+002  4.3744772e+002
  1.4610000e+002  4.3746787e+002
  1.4620000e+002  4.3748802e+002
  1.4630000e+002  4.3750817e+002
  1.4640000e+002  4.3752832e+002
  1.4650000e+002  4.3754847e+002
  1.4660000e+002  4.3756862e+002
  1.4670000e+002  4.3758877e+002
  1.4680000e+002  4.3760892e+002
  1.4690000e+002  4.3762907e+002
  1.4700000e+002  4.3764922e+002
  1.4710000e+002  4.3766937e+002
  1.4720000e+002  4.3768952e+002
  1.4730000e+002  4.3770967e+002
  1.4740000e+002  4.3772982e+002
  1.4750000e+002  4.3774997e+002
  1.4760000e+002  4.3777012e+002
  1.4770000e+002  4.3779027e+002
  1.4780000e+002  4.3781042e+002
  1.4790000e+002  4.3783057e+002
  1.4800000e+002  4.3785072e+002
  1.4810000e+002  4.3787087e+002
  1.4820000e+002  4.3789102e+002
  1.4830000e+002  4.3791039e+002
  1.4840000e+002  4.3792889e+002
  1.4850000e+002  4.3794739e+002
  1.4860000e+002  4.3796588e+002
  1.4870000e+002  4.3798438e+002
  1.4880000e+002  4.3800288e+002
  1.4890000e+002  4.3802137e+002
  1.4900000e+002  4.3803987e+002
  1.4910000e+002  4.3805837e+002
  1.4920000e+002  4.3807686e+002
  1.4930000e+002  4.3809536e+002
  1.4940000e+002  4.3811386e+002
  1.4950000e+002  4.3813235e+002
  1.4960000e+002  4.3815085e+002
  1.4970000e+002  4.3816935e+002
  1.4980000e+002  4.3818784e+002
  1.4990000e+002  4.3820634e+002
  1.5000000e+002  4.3822484e+002
  1.5010000e+002  4.3824333e+002
  1.5020000e+002  4.3826183e+002
  1.5030000e+002  4.3828033e+002
  1.5040000e+002  4.3829882e+002
  1.5050000e+002  4.3831732e+002
  1.5060000e+002  4.3833582e+002
  1.5070000e+002  4.3835297e+002
  1.5080000e+002  4.3836930e+002
  1.5090000e+002  4.3838563e+002
  1.5100000e+002  4.3840196e+002
  1.5110000e+002  4.3841829e+002
  1.5120000e+002  4.3843462e+002
  1.5130000e+002  4.3845095e+002
  1.5140000e+002  4.3846728e+002
  1.5150000e+002  4.3848361e+002
  1.5160000e+002  4.3849994e+002
  1.5170000e+002  4.3851627e+002
  1.5180000e+002  4.3853261e+002
  1.5190000e+002  4.3854894e+002
  1.5200000e+002  4.3856527e+002
  1.5210000e+002  4.3858160e+002
  1.5220000e+002  4.3859793e+002
  1.5230000e+002  4.3861426e+002
  1.5240000e+002  4.3863059e+002
  1.5250000e+002  4.3864692e+002
  1.5260000e+002  4.3866325e+002
  1.5270000e+002  4.3867958e+002
  1.5280000e+002  4.3869591e+002
  1.5290000e+002  4.3871224e+002
  1.5300000e+002  4.3872665e+002
  1.5310000e+002  4.3874058e+002
  1.5320000e+002  4.3875451e+002
  1.5330000e+002  4.3876843e+002
  1.5340000e+002  4.3878236e+002
  1.5350000e+002  4.3879629e+002
  1.5360000e+002  4.3881022e+002
  1.5370000e+002  4.3882414e+002
  1.5380000e+002  4.3883807e+002
  1.5390000e+002  4.3885200e+002
  1.5400000e+002  4.3886593e+002
  1.5410000e+002  4.3887985e+002
  1.5420000e+002  4.3889378e+002
  1.5430000e+002  4.3890771e+002
  1.5440000e+002  4.3892164e+002
  1.5450000e+002  4.3893556e+002
  1.5460000e+002  4.3894949e+002
  1.5470000e+002  4.3896342e+002
  1.5480000e+002  4.3897735e+002
  1.5490000e+002  4.3899127e+002
  1.5500000e+002  4.3900520e+002
  1.5510000e+002  4.3901907e+002
  1.5520000e+002  4.3903066e+002
  1.5530000e+002  4.3904225e+002
  1.5540000e+002  4.3905385e+002
  1.5550000e+002  4.3906544e+002
  1.5560000e+002  4.3907703e+002
  1.5570000e+002  4.3908862e+002
  1.5580000e+002  4.3910022e+002
  1.5590000e+002  4.3911181e+002
  1.5600000e+002  4.3912340e+002
  1.5610000e+002  4.3913499e+002
  1.5620000e+002  4.3914658e+002
  1.5630000e+002  4.3915818e+002
  1.5640000e+002  4.3916977e+002
  1.5650000e+002  4.3918136e+002
  1.5660000e+002  4.3919295e+002
  1.5670000e+002  4.3920455e+002
  1.5680000e+002  4.3921614e+002
  1.5690000e+002  4.3922773e+002
  1.5700000e+002  4.3923932e+002
  1.5710000e+002  4.3925091e+002
  1.5720000e+002  4.3926200e+002
  1.5730000e+002  4.3927137e+002
  1.5740000e+002  4.3928075e+002
  1.5750000e+002  4.3929012e+002
  1.5760000e+002  4.3929949e+002
  1.5770000e+002  4.3930886e+002
  1.5780000e+002  4.3931823e+002
  1.5790000e+002  4.3932760e+002
  1.5800000e+002  4.3933697e+002
  1.5810000e+002  4.3934635e+002
  1.5820000e+002  4.3935572e+002
  1.5830000e+002  4.3936509e+002
  1.5840000e+002  4.3937446e+002
  1.5850000e+002  4.3938383e+002
  1.5860000e+002  4.3939320e+002
  1.5870000e+002  4.3940257e+002
  1.5880000e+002  4.3941195e+002
  1.5890000e+002  4.3942132e+002
  1.5900000e+002  4.3943069e+002
  1.5910000e+002  4.3944006e+002
  1.5920000e+002  4.3944875e+002
  1.5930000e+002  4.3945606e+002
  1.5940000e+002  4.3946336e+002
  1.5950000e+002  4.3947067e+002
  1.5960000e+002  4.3947798e+002
  1.5970000e+002  4.3948529e+002
  1.5980000e+002  4.3949259e+002
  1.5990000e+002  4.3949990e+002
  1.6000000e+002  4.3950721e+002
  1.6010000e+002  4.3951452e+002
  1.6020000e+002  4.3952182e+002
  1.6030000e+002  4.3952913e+002
  1.6040000e+002  4.3953644e+002
  1.6050000e+002  4.3954375e+002
  1.6060000e+002  4.3955105e+002
  1.6070000e+002  4.3955836e+002
  1.6080000e+002  4.3956567e+002
  1.6090000e+002  4.3957298e+002
  1.6100000e+002  4.3958029e+002
  1.6110000e+002  4.3958711e+002
  1.6120000e+002  4.3959256e+002
  1.6130000e+002  4.3959801e+002
  1.6140000e+002  4.3960345e+002
  1.6150000e+002  4.3960890e+002
  1.6160000e+002  4.3961435e+002
  1.6170000e+002  4.3961979e+002
  1.6180000e+002  4.3962524e+002
  1.6190000e+002  4.3963069e+002
  1.6200000e+002  4.3963614e+002
  1.6210000e+002  4.3964158e+002
  1.6220000e+002  4.3964703e+002
  1.6230000e+002  4.3965248e+002
  1.6240000e+002  4.3965792e+002
  1.6250000e+002  4.3966337e+002
  1.6260000e+002  4.3966882e+002
  1.6270000e+002  4.3967427e+002
  1.6280000e+002  4.3967971e+002
  1.6290000e+002  4.3968516e+002
  1.6300000e+002  4.3968910e+002
  1.6310000e+002  4.3969294e+002
  1.6320000e+002  4.3969678e+002
  1.6330000e+002  4.3970062e+002
  1.6340000e+002  4.3970446e+002
  1.6350000e+002  4.3970830e+002
  1.6360000e+002  4.3971214e+002
  1.6370000e+002  4.3971598e+002
  1.6380000e+002  4.3971982e+002
  1.6390000e+002  4.3972366e+002
  1.6400000e+002  4.3972750e+002
  1.6410000e+002  4.3973134e+002
  1.6420000e+002  4.3973518e+002
  1.6430000e+002  4.3973902e+002
  1.6440000e+002  4.3974286e+002
  1.6450000e+002  4.3974670e+002
  1.6460000e+002  4.3975054e+002
  1.6470000e+002  4.3975400e+002
  1.6480000e+002  4.3975654e+002
  1.6490000e+002  4.3975907e+002
  1.6500000e+002  4.3976161e+002
  1.6510000e+002  4.3976415e+002
  1.6520000e+002  4.3976669e+002
  1.6530000e+002  4.3976922e+002
  1.6540000e+002  4.3977176e+002
  1.6550000e+002  4.3977430e+002
  1.6560000e+002  4.3977684e+002
  1.6570000e+002  4.3977937e+002
  1.6580000e+002  4.3978191e+002
  1.6590000e+002  4.3978445e+002
  1.6600000e+002  4.3978699e+002
  1.6610000e+002  4.3978952e+002
  1.6620000e+002  4.3979206e+002
  1.6630000e+002  4.3979460e+002
  1.6640000e+002  4.3979690e+002
  1.6650000e+002  4.3979849e+002
  1.6660000e+002  4.3980008e+002
  1.6670000e+002  4.3980167e+002
  1.6680000e+002  4.3980326e+002
  1.6690000e+002  4.3980485e+002
  1.6700000e+002  4.3980645e+002
  1.6710000e+002  4.3980804e+002
  1.6720000e+002  4.3980963e+002
  1.6730000e+002  4.3981122e+002
  1.6740000e+002  4.3981281e+002
  1.6750000e+002  4.3981440e+002
  1.6760000e+002  4.3981599e+002
  1.6770000e+002  4.3981758e+002
  1.6780000e+002  4.3981917e+002
  1.6790000e+002  4.3982076e+002
  1.6800000e+002  4.3982235e+002
  1.6810000e+002  4.3982355e+002
  1.6820000e+002  4.3982459e+002
  1.6830000e+002  4.3982564e+002
  1.6840000e+002  4.3982669e+002
  1.6850000e+002  4.3982774e+002
  1.6860000e+002  4.3982878e+002
  1.6870000e+002  4.3982983e+002
  1.6880000e+002  4.3983088e+002
  1.6890000e+002  4.3983193e+002
  1.6900000e+002  4.3983297e+002
  1.6910000e+002  4.3983402e+002
  1.6920000e+002  4.3983507e+002
  1.6930000e+002  4.3983612e+002
  1.6940000e+002  4.3983716e+002
  1.6950000e+002  4.3983821e+002
  1.6960000e+002  4.3983926e+002
  1.6970000e+002  4.3984024e+002
  1.6980000e+002  4.3984119e+002
  1.6990000e+002  4.3984214e+002
  1.7000000e+002  4.3984310e+002
  1.7010000e+002  4.3984405e+002
  1.7020000e+002  4.3984500e+002
  1.7030000e+002  4.3984595e+002
  1.7040000e+002  4.3984690e+002
  1.7050000e+002  4.3984785e+002
  1.7060000e+002  4.3984880e+002
  1.7070000e+002  4.3984975e+002
  1.7080000e+002  4.3985070e+002
  1.7090000e+002  4.3985165e+002
  1.7100000e+002  4.3985260e+002
  1.7110000e+002  4.3985355e+002
  1.7120000e+002  4.3985450e+002
  1.7130000e+002  4.3985582e+002
  1.7140000e+002  4.3985716e+002
  1.7150000e+002  4.3985849e+002
  1.7160000e+002  4.3985983e+002
  1.7170000e+002  4.3986116e+002
  1.7180000e+002  4.3986250e+002
  1.7190000e+002  4.3986383e+002
  1.7200000e+002  4.3986516e+002
  1.7210000e+002  4.3986650e+002
  1.7220000e+002  4.3986783e+002
  1.7230000e+002  4.3986917e+002
  1.7240000e+002  4.3987050e+002
  1.7250000e+002  4.3987183e+002
  1.7260000e+002  4.3987317e+002
  1.7270000e+002  4.3987450e+002
  1.7280000e+002  4.3987634e+002
  1.7290000e+002  4.3987856e+002
  1.7300000e+002  4.3988079e+002
  1.7310000e+002  4.3988301e+002
  1.7320000e+002  4.3988523e+002
  1.7330000e+002  4.3988745e+002
  1.7340000e+002  4.3988967e+002
  1.7350000e+002  4.3989189e+002
  1.7360000e+002  4.3989411e+002
  1.7370000e+002  4.3989633e+002
  1.7380000e+002  4.3989855e+002
  1.7390000e+002  4.3990077e+002
  1.7400000e+002  4.3990299e+002
  1.7410000e+002  4.3990521e+002
  1.7420000e+002  4.3990743e+002
  1.7430000e+002  4.3991022e+002
  1.7440000e+002  4.3991384e+002
  1.7450000e+002  4.3991746e+002
  1.7460000e+002  4.3992108e+002
  1.7470000e+002  4.3992470e+002
  1.7480000e+002  4.3992832e+002
  1.7490000e+002  4.3993194e+002
  1.7500000e+002  4.3993556e+002
  1.7510000e+002  4.3993918e+002
  1.7520000e+002  4.3994280e+002
  1.7530000e+002  4.3994642e+002
  1.7540000e+002  4.3995003e+002
  1.7550000e+002  4.3995365e+002
  1.7560000e+002  4.3995727e+002
  1.7570000e+002  4.3996089e+002
  1.7580000e+002  4.3996524e+002
  1.7590000e+002  4.3997077e+002
  1.7600000e+002  4.3997629e+002
  1.7610000e+002  4.3998182e+002
  1.7620000e+002  4.3998734e+002
  1.7630000e+002  4.3999287e+002
  1.7640000e+002  4.3999840e+002
  1.7650000e+002  4.4000392e+002
  1.7660000e+002  4.4000945e+002
  1.7670000e+002  4.4001497e+002
  1.7680000e+002  4.4002050e+002
  1.7690000e+002  4.4002602e+002
  1.7700000e+002  4.4003155e+002
  1.7710000e+002  4.4003707e+002
  1.7720000e+002  4.4004260e+002
  1.7730000e+002  4.4004917e+002
  1.7740000e+002  4.4005709e+002
  1.7750000e+002  4.4006500e+002
  1.7760000e+002  4.4007292e+002
  1.7770000e+002  4.4008084e+002
  1.7780000e+002  4.4008875e+002
  1.7790000e+002  4.4009667e+002
  1.7800000e+002  4.4010459e+002
  1.7810000e+002  4.4011250e+002
  1.7820000e+002  4.4012042e+002
  1.7830000e+002  4.4012834e+002
  1.7840000e+002  4.4013625e+002
  1.7850000e+002  4.4014417e+002
  1.7860000e+002  4.4015209e+002
  1.7870000e+002  4.4016001e+002
  1.7880000e+002  4.4016932e+002
  1.7890000e+002  4.4018008e+002
  1.7900000e+002  4.4019083e+002
  1.7910000e+002  4.4020159e+002
  1.7920000e+002  4.4021235e+002
  1.7930000e+002  4.4022311e+002
  1.7940000e+002  4.4023387e+002
  1.7950000e+002  4.4024462e+002
  1.7960000e+002  4.4025538e+002
  1.7970000e+002  4.4026614e+002
  1.7980000e+002  4.4027690e+002
  1.7990000e+002  4.4028765e+002
  1.8000000e+002  4.4029841e+002
  1.8010000e+002  4.4030917e+002
  1.8020000e+002  4.4031993e+002
  1.8030000e+002  4.4033221e+002
  1.8040000e+002  4.4034621e+002
  1.8050000e+002  4.4036021e+002
  1.8060000e+002  4.4037421e+002
  1.8070000e+002  4.4038821e+002
  1.8080000e+002  4.4040221e+002
  1.8090000e+002  4.4041621e+002
  1.8100000e+002  4.4043020e+002
  1.8110000e+002  4.4044420e+002
  1.8120000e+002  4.4045820e+002
  1.8130000e+002  4.4047220e+002
  1.8140000e+002  4.4048620e+002
  1.8150000e+002  4.4050020e+002
  1.8160000e+002  4.4051420e+002
  1.8170000e+002  4.4052820e+002
  1.8180000e+002  4.4054327e+002
  1.8190000e+002  4.4056085e+002
  1.8200000e+002  4.4057843e+002
  1.8210000e+002  4.4059602e+002
  1.8220000e+002  4.4061360e+002
  1.8230000e+002  4.4063118e+002
  1.8240000e+002  4.4064876e+002
  1.8250000e+002  4.4066635e+002
  1.8260000e+002  4.4068393e+002
  1.8270000e+002  4.4070151e+002
  1.8280000e+002  4.4071909e+002
  1.8290000e+002  4.4073667e+002
  1.8300000e+002  4.4075426e+002
  1.8310000e+002  4.4077184e+002
  1.8320000e+002  4.4078942e+002
  1.8330000e+002  4.4080700e+002
  1.8340000e+002  4.4082806e+002
  1.8350000e+002  4.4084950e+002
  1.8360000e+002  4.4087094e+002
  1.8370000e+002  4.4089238e+002
  1.8380000e+002  4.4091383e+002
  1.8390000e+002  4.4093527e+002
  1.8400000e+002  4.4095671e+002
  1.8410000e+002  4.4097815e+002
  1.8420000e+002  4.4099959e+002
  1.8430000e+002  4.4102103e+002
  1.8440000e+002  4.4104247e+002
  1.8450000e+002  4.4106391e+002
  1.8460000e+002  4.4108535e+002
  1.8470000e+002  4.4110679e+002
  1.8480000e+002  4.4112823e+002
  1.8490000e+002  4.4115050e+002
  1.8500000e+002  4.4117600e+002
  1.8510000e+002  4.4120151e+002
  1.8520000e+002  4.4122701e+002
  1.8530000e+002  4.4125252e+002
  1.8540000e+002  4.4127802e+002
  1.8550000e+002  4.4130353e+002
  1.8560000e+002  4.4132903e+002
  1.8570000e+002  4.4135454e+002
  1.8580000e+002  4.4138004e+002
  1.8590000e+002  4.4140555e+002
  1.8600000e+002  4.4143105e+002
  1.8610000e+002  4.4145656e+002
  1.8620000e+002  4.4148206e+002
  1.8630000e+002  4.4150757e+002
  1.8640000e+002  4.4153307e+002
  1.8650000e+002  4.4155911e+002
  1.8660000e+002  4.4158881e+002
  1.8670000e+002  4.4161852e+002
  1.8680000e+002  4.4164823e+002
  1.8690000e+002  4.4167793e+002
  1.8700000e+002  4.4170764e+002
  1.8710000e+002  4.4173734e+002
  1.8720000e+002  4.4176705e+002
  1.8730000e+002  4.4179675e+002
  1.8740000e+002  4.4182646e+002
  1.8750000e+002  4.4185617e+002
  1.8760000e+002  4.4188587e+002
  1.8770000e+002  4.4191558e+002
  1.8780000e+002  4.4194528e+002
  1.8790000e+002  4.4197499e+002
  1.8800000e+002  4.4200469e+002
  1.8810000e+002  4.4203440e+002
  1.8820000e+002  4.4206667e+002
  1.8830000e+002  4.4210065e+002
  1.8840000e+002  4.4213462e+002
  1.8850000e+002  4.4216860e+002
  1.8860000e+002  4.4220257e+002
  1.8870000e+002  4.4223655e+002
  1.8880000e+002  4.4227053e+002
  1.8890000e+002  4.4230450e+002
  1.8900000e+002  4.4233848e+002
  1.8910000e+002  4.4237245e+002
  1.8920000e+002  4.4240643e+002
  1.8930000e+002  4.4244041e+002
  1.8940000e+002  4.4247438e+002
  1.8950000e+002  4.4250836e+002
  1.8960000e+002  4.4254234e+002
  1.8970000e+002  4.4257631e+002
  1.8980000e+002  4.4261029e+002
  1.8990000e+002  4.4264661e+002
  1.9000000e+002  4.4268486e+002
  1.9010000e+002  4.4272312e+002
  1.9020000e+002  4.4276138e+002
  1.9030000e+002  4.4279963e+002
  1.9040000e+002  4.4283789e+002
  1.9050000e+002  4.4287614e+002
  1.9060000e+002  4.4291440e+002
  1.9070000e+002  4.4295266e+002
  1.9080000e+002  4.4299091e+002
  1.9090000e+002  4.4302917e+002
  1.9100000e+002  4.4306742e+002
  1.9110000e+002  4.4310568e+002
  1.9120000e+002  4.4314393e+002
  1.9130000e+002  4.4318219e+002
  1.9140000e+002  4.4322045e+002
  1.9150000e+002  4.4325870e+002
  1.9160000e+002  4.4329696e+002
  1.9170000e+002  4.4333900e+002
  1.9180000e+002  4.4338149e+002
  1.9190000e+002  4.4342398e+002
  1.9200000e+002  4.4346647e+002
  1.9210000e+002  4.4350896e+002
  1.9220000e+002  4.4355146e+002
  1.9230000e+002  4.4359395e+002
  1.9240000e+002  4.4363644e+002
  1.9250000e+002  4.4367893e+002
  1.9260000e+002  4.4372142e+002
  1.9270000e+002  4.4376391e+002
  1.9280000e+002  4.4380640e+002
  1.9290000e+002  4.4384890e+002
  1.9300000e+002  4.4389139e+002
  1.9310000e+002  4.4393388e+002
  1.9320000e+002  4.4397637e+002
  1.9330000e+002  4.4401886e+002
  1.9340000e+002  4.4406135e+002
  1.9350000e+002  4.4410618e+002
  1.9360000e+002  4.4415281e+002
  1.9370000e+002  4.4419945e+002
  1.9380000e+002  4.4424609e+002
  1.9390000e+002  4.4429273e+002
  1.9400000e+002  4.4433936e+002
  1.9410000e+002  4.4438600e+002
  1.9420000e+002  4.4443264e+002
  1.9430000e+002  4.4447927e+002
  1.9440000e+002  4.4452591e+002
  1.9450000e+002  4.4457255e+002
  1.9460000e+002  4.4461919e+002
  1.9470000e+002  4.4466582e+002
  1.9480000e+002  4.4471246e+002
  1.9490000e+002  4.4475910e+002
  1.9500000e+002  4.4480573e+002
  1.9510000e+002  4.4485237e+002
  1.9520000e+002  4.4489901e+002
  1.9530000e+002  4.4494564e+002
  1.9540000e+002  4.4499421e+002
  1.9550000e+002  4.4504487e+002
  1.9560000e+002  4.4509553e+002
  1.9570000e+002  4.4514618e+002
  1.9580000e+002  4.4519684e+002
  1.9590000e+002  4.4524750e+002
  1.9600000e+002  4.4529815e+002
  1.9610000e+002  4.4534881e+002
  1.9620000e+002  4.4539947e+002
  1.9630000e+002  4.4545012e+002
  1.9640000e+002  4.4550078e+002
  1.9650000e+002  4.4555144e+002
  1.9660000e+002  4.4560209e+002
  1.9670000e+002  4.4565275e+002
  1.9680000e+002  4.4570340e+002
  1.9690000e+002  4.4575406e+002
  1.9700000e+002  4.4580472e+002
  1.9710000e+002  4.4585537e+002
  1.9720000e+002  4.4590603e+002
  1.9730000e+002  4.4595669e+002
  1.9740000e+002  4.4600955e+002
  1.9750000e+002  4.4606407e+002
  1.9760000e+002  4.4611859e+002
  1.9770000e+002  4.4617312e+002
  1.9780000e+002  4.4622764e+002
  1.9790000e+002  4.4628216e+002
  1.9800000e+002  4.4633668e+002
  1.9810000e+002  4.4639120e+002
  1.9820000e+002  4.4644572e+002
  1.9830000e+002  4.4650024e+002
  1.9840000e+002  4.4655476e+002
  1.9850000e+002  4.4660928e+002
  1.9860000e+002  4.4666380e+002
  1.9870000e+002  4.4671833e+002
  1.9880000e+002  4.4677285e+002
  1.9890000e+002  4.4682737e+002
  1.9900000e+002  4.4688189e+002
  1.9910000e+002  4.4693641e+002
  1.9920000e+002  4.4699093e+002
  1.9930000e+002  4.4704545e+002
  1.9940000e+002  4.4709997e+002
  1.9950000e+002  4.4715730e+002
  1.9960000e+002  4.4721551e+002
  1.9970000e+002  4.4727372e+002
  1.9980000e+002  4.4733193e+002
  1.9990000e+002  4.4739014e+002
  2.0000000e+002  4.4744835e+002
  2.0010000e+002  4.4750656e+002
  2.0020000e+002  4.4756477e+002
  2.0030000e+002  4.4762298e+002
  2.0040000e+002  4.4768119e+002
  2.0050000e+002  4.4773940e+002
  2.0060000e+002  4.4779761e+002
  2.0070000e+002  4.4785582e+002
  2.0080000e+002  4.4791403e+002
  2.0090000e+002  4.4797224e+002
  2.0100000e+002  4.4803045e+002
  2.0110000e+002  4.4808866e+002
  2.0120000e+002  4.4814687e+002
  2.0130000e+002  4.4820508e+002
  2.0140000e+002  4.4826329e+002
  2.0150000e+002  4.4832150e+002
