  6.5560138e+001  3.5574742e+004
  6.2739863e+001  3.6349926e+004
  6.0097247e+001  3.9108322e+004
  5.7618210e+001  4.0941350e+004
  5.5289505e+001  4.2545575e+004
  5.3098065e+001  4.5752652e+004
  5.1035137e+001  5.9585119e+004
  4.9091678e+001  7.6779132e+004
  4.7258331e+001  8.6198874e+004
  4.5525401e+001  1.0926003e+005
  4.3884290e+001  1.2223679e+005
  4.2331981e+001  1.1433315e+005
  4.0860900e+001  1.3715871e+005
  3.9464388e+001  1.9097922e+005
  3.8140300e+001  2.1092972e+005
  3.6881020e+001  2.0340431e+005
  3.5681336e+001  2.3163000e+005
  3.4539036e+001  2.6520640e+005
  3.3452420e+001  2.8709634e+005
  3.2417266e+001  3.1335971e+005
  3.1428666e+001  3.6377060e+005
  3.0484212e+001  4.0110821e+005
  2.9583378e+001  3.8474056e+005
  2.8723677e+001  4.0191595e+005
  2.7900599e+001  4.9791365e+005
  2.7110887e+001  6.3826156e+005
  2.6351175e+001  5.9702342e+005
  2.5625977e+001  6.4000153e+005
  2.4933757e+001  7.7852239e+005
  2.4264259e+001  8.3269465e+005
  2.3622946e+001  9.5928748e+005
  2.3009590e+001  1.1359844e+006
  2.2415994e+001  1.2098391e+006
  2.1847483e+001  1.2625172e+006
  2.1298297e+001  1.3900162e+006
  2.0771206e+001  1.6045463e+006
  2.0262994e+001  1.5779343e+006
  1.9773756e+001  1.8604158e+006
  1.9302940e+001  1.6278642e+006
  1.8847832e+001  1.3812704e+006
  1.8410678e+001  1.3108845e+006
  1.7985804e+001  1.3219510e+006
  1.7578402e+001  1.3467139e+006
  1.7179670e+001  1.2920446e+006
  1.6797915e+001  1.2085311e+006
  1.6432244e+001  1.1706331e+006
  1.6071809e+001  1.4605354e+006
  1.5727843e+001  1.8947881e+006
  1.5395108e+001  1.9504709e+006
  1.5067357e+001  2.3621887e+006
  1.4755549e+001  3.1720343e+006
  1.4454700e+001  3.4932689e+006
  1.4153852e+001  3.9962856e+006
  1.3868227e+001  4.1222443e+006
  1.3598002e+001  4.1360874e+006
  1.3327952e+001  4.7388322e+006
  1.3062139e+001  5.4033941e+006
  1.2811162e+001  6.1044497e+006
  1.2570785e+001  5.4373380e+006
  1.2330407e+001  5.9123838e+006
  1.2091817e+001  6.0880416e+006
  1.1867478e+001  7.4824519e+006
  1.1655601e+001  8.7330427e+006
  1.1443724e+001  9.1054163e+006
  1.1231847e+001  8.7006212e+006
  1.1025504e+001  8.1954315e+006
  1.0832801e+001  6.7295780e+006
  1.0648204e+001  3.7370106e+006
  1.0463607e+001  1.6442953e+006
  1.0279010e+001  7.2302199e+005
  1.0094412e+001  5.7231702e+005
  9.9173492e+000  5.2759832e+005
  9.7499681e+000  4.6647713e+005
  9.5867539e+000  4.2887223e+005
