1	4.57E+01	6.01E+01	0.0019
1.1	4.80E+01	6.22E+01	0.0021
1.2	5.01E+01	6.40E+01	0.0022
1.3	5.22E+01	6.57E+01	0.0023
1.4	5.41E+01	6.73E+01	0.0024
1.5	5.60E+01	6.88E+01	0.0025
1.6	5.79E+01	7.02E+01	0.0026
1.7	5.96E+01	7.15E+01	0.0028
1.8	6.14E+01	7.27E+01	0.0029
2	6.47E+01	7.50E+01	0.0031
2.25	6.86E+01	7.75E+01	0.0033
2.5	7.23E+01	7.97E+01	0.0036
2.75	7.58E+01	8.17E+01	0.0038
3	7.92E+01	8.35E+01	0.0041
3.25	8.25E+01	8.51E+01	0.0043
3.5	8.56E+01	8.66E+01	0.0046
3.75	8.86E+01	8.80E+01	0.0048
4	9.15E+01	8.92E+01	0.005
4.5	9.70E+01	9.14E+01	0.0055
5	1.02E+02	9.33E+01	0.006
5.5	1.07E+02	9.50E+01	0.0064
6	1.12E+02	9.64E+01	0.0069
6.5	1.17E+02	9.77E+01	0.0073
7	1.21E+02	9.88E+01	0.0078
8	1.29E+02	1.01E+02	0.0087
9	1.37E+02	1.02E+02	0.0095
10	1.45E+02	1.03E+02	0.0104
11	1.52E+02	1.04E+02	0.0112
12	1.58E+02	1.05E+02	0.0121
13	1.65E+02	1.06E+02	0.0129
14	1.71E+02	1.06E+02	0.0138
15	1.77E+02	1.06E+02	0.0146
16	1.83E+02	1.07E+02	0.0155
17	1.89E+02	1.07E+02	0.0163
18	1.94E+02	1.07E+02	0.0172
20	2.05E+02	1.07E+02	0.0189
22.5	2.17E+02	1.07E+02	0.021
25	2.28E+02	1.07E+02	0.0231
27.5	2.37E+02	1.06E+02	0.0252
30	2.46E+02	1.06E+02	0.0273
32.5	2.54E+02	1.05E+02	0.0295
35	2.63E+02	1.04E+02	0.0316
37.5	2.72E+02	1.03E+02	0.0337
40	2.81E+02	1.02E+02	0.0359
45	2.99E+02	1.01E+02	0.0402
50	3.16E+02	9.91E+01	0.0445
55	3.33E+02	9.74E+01	0.0488
60	3.49E+02	9.57E+01	0.0531
65	3.64E+02	9.41E+01	0.0574
70	3.79E+02	9.24E+01	0.0617
80	4.08E+02	8.94E+01	0.0703
90	4.35E+02	8.65E+01	0.0789
100	4.61E+02	8.38E+01	0.0875
110	4.85E+02	8.12E+01	0.096
120	5.09E+02	7.89E+01	0.1045
130	5.31E+02	7.66E+01	0.113
140	5.53E+02	7.46E+01	0.1214
150	5.74E+02	7.26E+01	0.1298
160	5.94E+02	7.08E+01	0.1381
170	6.14E+02	6.91E+01	0.1464
180	6.33E+02	6.74E+01	0.1546
200	6.70E+02	6.44E+01	0.171
225	7.13E+02	6.11E+01	0.1911
250	7.55E+02	5.81E+01	0.2109
275	7.94E+02	5.55E+01	0.2305
300	8.32E+02	5.31E+01	0.2497
325	8.69E+02	5.09E+01	0.2686
350	9.04E+02	4.90E+01	0.2872
375	9.38E+02	4.72E+01	0.3055
400	9.71E+02	4.56E+01	0.3235
450	1.03E+03	4.27E+01	0.3588
500	1.10E+03	4.02E+01	0.393
550	1.15E+03	3.80E+01	0.4263
600	1.21E+03	3.61E+01	0.4586
650	1.26E+03	3.43E+01	0.4902
700	1.31E+03	3.28E+01	0.5209
800	1.41E+03	3.02E+01	0.5803
900	1.51E+03	2.80E+01	0.637
1000	1.60E+03	2.61E+01	0.6914
1100	1.68E+03	2.45E+01	0.7438
1200	1.76E+03	2.31E+01	0.7944
1300	1.83E+03	2.19E+01	0.8434
1400	1.90E+03	2.08E+01	0.8909
1500	1.97E+03	1.98E+01	0.9371
1600	2.03E+03	1.90E+01	0.9822
1700	2.09E+03	1.82E+01	1.03
1800	2.15E+03	1.75E+01	1.07
2000	2.25E+03	1.62E+01	1.15
2250	2.36E+03	1.49E+01	1.25
2500	2.46E+03	1.38E+01	1.35
2750	2.54E+03	1.28E+01	1.45
3000	2.60E+03	1.20E+01	1.54
3250	2.66E+03	1.13E+01	1.63
3500	2.71E+03	1.07E+01	1.72
3750	2.76E+03	1.02E+01	1.8
4000	2.80E+03	9.70E+00	1.89
4500	2.86E+03	8.86E+00	2.06
5000	2.90E+03	8.17E+00	2.23
5500	2.93E+03	7.59E+00	2.4
6000	2.96E+03	7.09E+00	2.56
6500	2.98E+03	6.66E+00	2.73
7000	2.99E+03	6.29E+00	2.89
8000	3.00E+03	5.66E+00	3.22
9000	2.99E+03	5.15E+00	3.54
10000	2.98E+03	4.73E+00	3.87
11000	2.96E+03	4.38E+00	4.21
12000	2.94E+03	4.09E+00	4.54
13000	2.91E+03	3.83E+00	4.88
14000	2.87E+03	3.61E+00	5.22
15000	2.84E+03	3.41E+00	5.57
16000	2.80E+03	3.23E+00	5.92
17000	2.77E+03	3.08E+00	6.27
18000	2.73E+03	2.93E+00	6.63
20000	2.65E+03	2.69E+00	7.37
22500	2.56E+03	2.44E+00	8.32
25000	2.48E+03	2.24E+00	9.31
27500	2.40E+03	2.07E+00	10.33
30000	2.33E+03	1.92E+00	11.38
32500	2.26E+03	1.79E+00	12.46
35000	2.19E+03	1.69E+00	13.58
37500	2.13E+03	1.59E+00	14.73
40000	2.07E+03	1.51E+00	15.91
45000	1.96E+03	1.36E+00	18.39
50000	1.86E+03	1.25E+00	20.99
55000	1.76E+03	1.15E+00	23.74
60000	1.68E+03	1.07E+00	26.64
65000	1.60E+03	9.96E-01	29.67
70000	1.53E+03	9.35E-01	32.85
80000	1.41E+03	8.34E-01	39.64
90000	1.30E+03	7.53E-01	47
100000	1.21E+03	6.88E-01	54.95
110000	1.13E+03	6.33E-01	63.47
120000	1.06E+03	5.87E-01	72.55
130000	1.01E+03	5.48E-01	82.19
140000	9.53E+02	5.13E-01	92.38
150000	9.08E+02	4.84E-01	103.1
160000	8.67E+02	4.57E-01	114.34
170000	8.31E+02	4.33E-01	126.09
180000	7.99E+02	4.12E-01	138.33
200000	7.44E+02	3.76E-01	164.21
225000	6.89E+02	3.39E-01	199.06
250000	6.44E+02	3.09E-01	236.52
275000	6.07E+02	2.84E-01	276.41
300000	5.76E+02	2.63E-01	318.61
325000	5.48E+02	2.45E-01	363.04
350000	5.23E+02	2.30E-01	409.65
375000	4.98E+02	2.16E-01	458.51
400000	4.76E+02	2.04E-01	509.75
450000	4.37E+02	1.84E-01	619.28
500000	4.04E+02	1.67E-01	738.09
550000	3.77E+02	1.54E-01	865.91
600000	3.54E+02	1.42E-01	1000
650000	3.34E+02	1.32E-01	1150
700000	3.17E+02	1.24E-01	1300
800000	2.88E+02	1.10E-01	1630
900000	2.64E+02	9.90E-02	1990
1000000	2.45E+02	9.01E-02	2390
1100000	2.29E+02	8.27E-02	2810
1200000	2.16E+02	7.64E-02	3260
1300000	2.04E+02	7.11E-02	3730
1400000	1.94E+02	6.65E-02	4230
1500000	1.85E+02	6.25E-02	4760
1600000	1.77E+02	5.90E-02	5310
1700000	1.70E+02	5.58E-02	5880
1800000	1.64E+02	5.30E-02	6480
2000000	1.54E+02	4.82E-02	7740
2250000	1.43E+02	4.33E-02	9420
2500000	1.34E+02	3.94E-02	11230
2750000	1.26E+02	3.61E-02	13150
3000000	1.20E+02	3.34E-02	15180
3250000	1.15E+02	3.10E-02	17300
3500000	1.11E+02	2.90E-02	19510
3750000	1.07E+02	2.73E-02	21810
4000000	1.03E+02	2.57E-02	24190
4500000	9.75E+01	2.31E-02	29160
5000000	9.30E+01	2.10E-02	34410
5500000	8.93E+01	1.92E-02	39890
6000000	8.62E+01	1.78E-02	45580
6500000	8.36E+01	1.65E-02	51470
7000000	8.15E+01	1.54E-02	57520
8000000	7.80E+01	1.36E-02	70060
9000000	7.54E+01	1.23E-02	83090
10000000	7.34E+01	1.11E-02	96510
