1	2.75E+01	1.68E+00	0.0058
1.1	2.89E+01	1.70E+00	0.0062
1.2	3.02E+01	1.72E+00	0.0067
1.3	3.14E+01	1.74E+00	0.0071
1.4	3.26E+01	1.75E+00	0.0076
1.5	3.37E+01	1.76E+00	0.008
1.6	3.48E+01	1.77E+00	0.0085
1.7	3.59E+01	1.78E+00	0.0089
1.8	3.69E+01	1.79E+00	0.0093
2	3.89E+01	1.80E+00	0.0102
2.25	4.10E+01	1.81E+00	0.0113
2.5	4.29E+01	1.81E+00	0.0124
2.75	4.47E+01	1.81E+00	0.0135
3	4.64E+01	1.81E+00	0.0146
3.25	4.80E+01	1.81E+00	0.0157
3.5	4.96E+01	1.80E+00	0.0168
3.75	5.11E+01	1.79E+00	0.0179
4	5.26E+01	1.79E+00	0.019
4.5	5.54E+01	1.77E+00	0.0212
5	5.80E+01	1.75E+00	0.0235
5.5	6.05E+01	1.73E+00	0.0257
6	6.29E+01	1.71E+00	0.0279
6.5	6.52E+01	1.69E+00	0.0301
7	6.74E+01	1.67E+00	0.0324
8	7.15E+01	1.63E+00	0.0369
9	7.54E+01	1.59E+00	0.0414
10	7.91E+01	1.55E+00	0.0459
11	8.25E+01	1.51E+00	0.0504
12	8.58E+01	1.48E+00	0.055
13	8.90E+01	1.44E+00	0.0595
14	9.20E+01	1.41E+00	0.064
15	9.49E+01	1.38E+00	0.0686
16	9.77E+01	1.35E+00	0.0731
17	1.00E+02	1.32E+00	0.0776
18	1.03E+02	1.29E+00	0.0822
20	1.08E+02	1.24E+00	0.0912
22.5	1.14E+02	1.19E+00	0.1025
25	1.19E+02	1.14E+00	0.1137
27.5	1.24E+02	1.09E+00	0.1249
30	1.29E+02	1.05E+00	0.136
32.5	1.33E+02	1.01E+00	0.1471
35	1.37E+02	9.75E-01	0.1581
37.5	1.41E+02	9.43E-01	0.169
40	1.45E+02	9.13E-01	0.1799
45	1.52E+02	8.60E-01	0.2015
50	1.58E+02	8.13E-01	0.2229
55	1.63E+02	7.72E-01	0.2441
60	1.68E+02	7.36E-01	0.2652
65	1.72E+02	7.03E-01	0.2861
70	1.76E+02	6.73E-01	0.307
80	1.83E+02	6.22E-01	0.3485
90	1.88E+02	5.79E-01	0.3898
100	1.91E+02	5.43E-01	0.431
110	1.94E+02	5.11E-01	0.4724
120	1.95E+02	4.83E-01	0.5139
130	1.96E+02	4.59E-01	0.5557
140	1.96E+02	4.37E-01	0.5979
150	1.96E+02	4.18E-01	0.6405
160	1.95E+02	4.00E-01	0.6836
170	1.94E+02	3.84E-01	0.7272
180	1.93E+02	3.69E-01	0.7713
200	1.90E+02	3.43E-01	0.8614
225	1.86E+02	3.16E-01	0.9774
250	1.81E+02	2.94E-01	1.1
275	1.77E+02	2.74E-01	1.22
300	1.73E+02	2.58E-01	1.35
325	1.69E+02	2.43E-01	1.48
350	1.65E+02	2.30E-01	1.62
375	1.61E+02	2.19E-01	1.75
400	1.58E+02	2.09E-01	1.9
450	1.52E+02	1.91E-01	2.19
500	1.46E+02	1.77E-01	2.5
550	1.41E+02	1.64E-01	2.82
600	1.36E+02	1.54E-01	3.16
650	1.32E+02	1.45E-01	3.5
700	1.28E+02	1.37E-01	3.86
800	1.21E+02	1.23E-01	4.61
900	1.15E+02	1.12E-01	5.41
1000	1.09E+02	1.03E-01	6.25
1100	1.05E+02	9.59E-02	7.13
1200	1.01E+02	8.95E-02	8.05
1300	9.72E+01	8.39E-02	9.01
1400	9.40E+01	7.91E-02	10
1500	9.11E+01	7.48E-02	11.03
1600	8.83E+01	7.10E-02	12.09
1700	8.58E+01	6.76E-02	13.18
1800	8.35E+01	6.46E-02	14.31
2000	7.93E+01	5.93E-02	16.65
2250	7.47E+01	5.38E-02	19.76
2500	7.07E+01	4.94E-02	23.06
2750	6.72E+01	4.56E-02	26.54
3000	6.42E+01	4.24E-02	30.19
3250	6.14E+01	3.97E-02	34.03
3500	5.89E+01	3.73E-02	38.03
3750	5.67E+01	3.53E-02	42.2
4000	5.46E+01	3.34E-02	46.53
4500	5.10E+01	3.03E-02	55.68
5000	4.79E+01	2.77E-02	65.46
5500	4.53E+01	2.55E-02	75.85
6000	4.29E+01	2.37E-02	86.84
6500	4.08E+01	2.22E-02	98.42
7000	3.90E+01	2.08E-02	110.58
8000	3.58E+01	1.86E-02	136.58
9000	3.32E+01	1.68E-02	164.79
10000	3.10E+01	1.53E-02	195.14
11000	2.91E+01	1.41E-02	227.6
12000	2.74E+01	1.31E-02	262.11
13000	2.60E+01	1.22E-02	298.63
14000	2.47E+01	1.15E-02	337.13
15000	2.36E+01	1.08E-02	377.58
16000	2.25E+01	1.02E-02	419.94
17000	2.16E+01	9.70E-03	464.18
18000	2.08E+01	9.23E-03	510.29
20000	1.93E+01	8.42E-03	607.96
22500	1.77E+01	7.60E-03	740.07
25000	1.65E+01	6.93E-03	883.09
27500	1.54E+01	6.38E-03	1040
30000	1.45E+01	5.91E-03	1200
32500	1.37E+01	5.51E-03	1370
35000	1.29E+01	5.16E-03	1560
37500	1.23E+01	4.86E-03	1750
40000	1.18E+01	4.59E-03	1960
45000	1.08E+01	4.13E-03	2390
50000	1.00E+01	3.76E-03	2860
55000	9.36E+00	3.46E-03	3370
60000	8.79E+00	3.20E-03	3910
65000	8.31E+00	2.98E-03	4480
70000	7.88E+00	2.79E-03	5090
80000	7.17E+00	2.48E-03	6400
90000	6.61E+00	2.23E-03	7820
100000	6.14E+00	2.03E-03	9370
110000	5.76E+00	1.87E-03	11020
120000	5.43E+00	1.73E-03	12780
130000	5.15E+00	1.61E-03	14640
140000	4.90E+00	1.50E-03	16600
150000	4.69E+00	1.41E-03	18650
160000	4.50E+00	1.33E-03	20790
170000	4.33E+00	1.26E-03	23020
180000	4.18E+00	1.20E-03	25340
200000	3.92E+00	1.09E-03	30210
225000	3.66E+00	9.81E-04	36720
250000	3.44E+00	8.92E-04	43660
275000	3.27E+00	8.18E-04	51020
300000	3.12E+00	7.56E-04	58740
325000	2.99E+00	7.03E-04	66810
350000	2.89E+00	6.58E-04	75210
375000	2.79E+00	6.18E-04	83900
400000	2.71E+00	5.82E-04	92870
450000	2.58E+00	5.23E-04	111550
500000	2.47E+00	4.76E-04	131140
550000	2.38E+00	4.36E-04	151510
600000	2.31E+00	4.03E-04	172580
650000	2.25E+00	3.74E-04	194250
700000	2.20E+00	3.50E-04	216460
800000	2.13E+00	3.10E-04	262210
900000	2.07E+00	2.78E-04	309450
1000000	2.03E+00	2.53E-04	357870
1100000	2.00E+00	2.32E-04	407200
1200000	1.97E+00	2.14E-04	457280
1300000	1.95E+00	1.99E-04	507920
1400000	1.94E+00	1.86E-04	559020
1500000	1.93E+00	1.74E-04	610480
1600000	1.92E+00	1.64E-04	662210
1700000	1.91E+00	1.55E-04	714150
1800000	1.91E+00	1.47E-04	766240
2000000	1.90E+00	1.34E-04	870700
2250000	1.90E+00	1.20E-04	1000000
2500000	1.91E+00	1.09E-04	1130000
2750000	1.91E+00	9.97E-05	1260000
3000000	1.92E+00	9.20E-05	1390000
3250000	1.93E+00	8.55E-05	1520000
3500000	1.94E+00	7.98E-05	1650000
3750000	1.95E+00	7.49E-05	1780000
4000000	1.96E+00	7.06E-05	1910000
4500000	1.98E+00	6.33E-05	2160000
5000000	2.00E+00	5.74E-05	2410000
5500000	2.02E+00	5.26E-05	2660000
6000000	2.04E+00	4.85E-05	2910000
6500000	2.05E+00	4.50E-05	3150000
7000000	2.07E+00	4.20E-05	3390000
8000000	2.10E+00	3.71E-05	3870000
9000000	2.13E+00	3.33E-05	4340000
10000000	2.16E+00	3.02E-05	4810000
