1	2.91E+01	1.91E+00	0.01
1.1	3.06E+01	1.94E+00	0.01
1.2	3.19E+01	1.96E+00	0.01
1.3	3.32E+01	1.98E+00	0.01
1.4	3.45E+01	1.99E+00	0.01
1.5	3.57E+01	2.01E+00	0.01
1.6	3.69E+01	2.02E+00	0.01
1.7	3.80E+01	2.03E+00	0.01
1.8	3.91E+01	2.04E+00	0.01
2	4.12E+01	2.05E+00	0.01
2.25	4.32E+01	2.06E+00	0.01
2.5	4.52E+01	2.07E+00	0.01
2.75	4.71E+01	2.07E+00	0.01
3	4.90E+01	2.07E+00	0.01
3.25	5.08E+01	2.06E+00	0.01
3.5	5.26E+01	2.06E+00	0.01
3.75	5.44E+01	2.05E+00	0.02
4	5.62E+01	2.04E+00	0.02
4.5	5.96E+01	2.03E+00	0.02
5	6.29E+01	2.00E+00	0.02
5.5	6.62E+01	1.98E+00	0.02
6	6.93E+01	1.96E+00	0.02
6.5	7.24E+01	1.94E+00	0.03
7	7.54E+01	1.91E+00	0.03
8	8.12E+01	1.87E+00	0.03
9	8.68E+01	1.82E+00	0.04
10	9.21E+01	1.78E+00	0.04
11	9.72E+01	1.73E+00	0.04
12	1.02E+02	1.69E+00	0.05
13	1.07E+02	1.65E+00	0.05
14	1.11E+02	1.62E+00	0.05
15	1.15E+02	1.58E+00	0.06
16	1.20E+02	1.55E+00	0.06
17	1.24E+02	1.52E+00	0.07
18	1.27E+02	1.49E+00	0.07
20	1.35E+02	1.43E+00	0.08
22.5	1.43E+02	1.36E+00	0.09
25	1.51E+02	1.31E+00	0.1
27.5	1.58E+02	1.25E+00	0.1
30	1.64E+02	1.21E+00	0.11
32.5	1.70E+02	1.16E+00	0.12
35	1.75E+02	1.12E+00	0.13
37.5	1.80E+02	1.09E+00	0.14
40	1.85E+02	1.05E+00	0.15
45	1.93E+02	9.90E-01	0.17
50	2.00E+02	9.36E-01	0.18
55	2.06E+02	8.89E-01	0.2
60	2.11E+02	8.47E-01	0.22
65	2.15E+02	8.10E-01	0.23
70	2.18E+02	7.76E-01	0.25
80	2.23E+02	7.17E-01	0.29
90	2.27E+02	6.68E-01	0.32
100	2.29E+02	6.26E-01	0.35
110	2.30E+02	5.90E-01	0.39
120	2.30E+02	5.58E-01	0.42
130	2.30E+02	5.30E-01	0.46
140	2.29E+02	5.04E-01	0.5
150	2.28E+02	4.82E-01	0.53
160	2.27E+02	4.62E-01	0.57
170	2.25E+02	4.43E-01	0.61
180	2.23E+02	4.26E-01	0.65
200	2.20E+02	3.97E-01	0.72
225	2.15E+02	3.65E-01	0.83
250	2.10E+02	3.39E-01	0.93
275	2.05E+02	3.17E-01	1.04
300	2.00E+02	2.98E-01	1.15
325	1.96E+02	2.81E-01	1.26
350	1.91E+02	2.66E-01	1.38
375	1.87E+02	2.53E-01	1.5
400	1.83E+02	2.41E-01	1.62
450	1.76E+02	2.21E-01	1.87
500	1.69E+02	2.04E-01	2.14
550	1.63E+02	1.90E-01	2.42
600	1.57E+02	1.78E-01	2.71
650	1.52E+02	1.67E-01	3.01
700	1.48E+02	1.58E-01	3.32
800	1.40E+02	1.42E-01	3.97
900	1.33E+02	1.30E-01	4.65
1000	1.27E+02	1.20E-01	5.38
1100	1.22E+02	1.11E-01	6.14
1200	1.17E+02	1.03E-01	6.93
1300	1.13E+02	9.71E-02	7.75
1400	1.09E+02	9.15E-02	8.61
1500	1.06E+02	8.66E-02	9.49
1600	1.03E+02	8.22E-02	10.4
1700	9.98E+01	7.82E-02	11.34
1800	9.71E+01	7.47E-02	12.31
2000	9.22E+01	6.86E-02	14.33
2250	8.69E+01	6.23E-02	17
2500	8.23E+01	5.71E-02	19.83
2750	7.82E+01	5.28E-02	22.82
3000	7.46E+01	4.91E-02	25.96
3250	7.14E+01	4.60E-02	29.25
3500	6.85E+01	4.32E-02	32.7
3750	6.58E+01	4.08E-02	36.28
4000	6.34E+01	3.87E-02	40.01
4500	5.92E+01	3.50E-02	47.89
5000	5.56E+01	3.20E-02	56.31
5500	5.25E+01	2.96E-02	65.26
6000	4.97E+01	2.75E-02	74.74
6500	4.73E+01	2.57E-02	84.73
7000	4.52E+01	2.41E-02	95.21
8000	4.15E+01	2.15E-02	117.64
9000	3.84E+01	1.94E-02	141.97
10000	3.59E+01	1.78E-02	168.15
11000	3.37E+01	1.64E-02	196.14
12000	3.18E+01	1.52E-02	225.89
13000	3.01E+01	1.42E-02	257.37
14000	2.86E+01	1.33E-02	290.56
15000	2.73E+01	1.25E-02	325.4
16000	2.61E+01	1.18E-02	361.9
17000	2.51E+01	1.12E-02	400
18000	2.41E+01	1.07E-02	439.7
20000	2.24E+01	9.76E-03	523.77
22500	2.06E+01	8.80E-03	637.44
25000	1.91E+01	8.03E-03	760.45
27500	1.79E+01	7.39E-03	892.55
30000	1.68E+01	6.84E-03	1030
32500	1.59E+01	6.38E-03	1180
35000	1.51E+01	5.97E-03	1340
37500	1.43E+01	5.62E-03	1510
40000	1.37E+01	5.31E-03	1680
45000	1.26E+01	4.79E-03	2060
50000	1.17E+01	4.36E-03	2460
55000	1.09E+01	4.01E-03	2900
60000	1.02E+01	3.71E-03	3360
65000	9.68E+00	3.46E-03	3850
70000	9.18E+00	3.24E-03	4370
80000	8.36E+00	2.87E-03	5490
90000	7.70E+00	2.59E-03	6720
100000	7.16E+00	2.35E-03	8040
110000	6.71E+00	2.16E-03	9460
120000	6.32E+00	2.00E-03	10970
130000	5.99E+00	1.86E-03	12570
140000	5.71E+00	1.74E-03	14250
150000	5.46E+00	1.64E-03	16010
160000	5.24E+00	1.54E-03	17860
170000	5.04E+00	1.46E-03	19770
180000	4.86E+00	1.39E-03	21760
200000	4.56E+00	1.26E-03	25940
225000	4.25E+00	1.14E-03	31530
250000	4.01E+00	1.03E-03	37510
275000	3.80E+00	9.48E-04	43820
300000	3.63E+00	8.76E-04	50460
325000	3.48E+00	8.15E-04	57400
350000	3.36E+00	7.62E-04	64610
375000	3.25E+00	7.16E-04	72080
400000	3.16E+00	6.75E-04	79790
450000	3.00E+00	6.06E-04	95850
500000	2.88E+00	5.51E-04	112690
550000	2.77E+00	5.05E-04	130200
600000	2.69E+00	4.67E-04	148300
650000	2.62E+00	4.34E-04	166930
700000	2.57E+00	4.06E-04	186010
800000	2.47E+00	3.59E-04	225320
900000	2.41E+00	3.22E-04	265910
1000000	2.36E+00	2.93E-04	307500
1100000	2.32E+00	2.68E-04	349890
1200000	2.29E+00	2.48E-04	392890
1300000	2.27E+00	2.30E-04	436390
1400000	2.25E+00	2.15E-04	480270
1500000	2.24E+00	2.02E-04	524460
1600000	2.23E+00	1.90E-04	568870
1700000	2.23E+00	1.80E-04	613460
1800000	2.22E+00	1.71E-04	658180
2000000	2.22E+00	1.55E-04	747860
2250000	2.22E+00	1.39E-04	860120
2500000	2.22E+00	1.26E-04	972320
2750000	2.23E+00	1.16E-04	1080000
3000000	2.24E+00	1.07E-04	1200000
3250000	2.25E+00	9.91E-05	1310000
3500000	2.26E+00	9.25E-05	1420000
3750000	2.27E+00	8.68E-05	1530000
4000000	2.28E+00	8.18E-05	1640000
4500000	2.30E+00	7.34E-05	1850000
5000000	2.33E+00	6.65E-05	2070000
5500000	2.35E+00	6.09E-05	2280000
6000000	2.37E+00	5.62E-05	2490000
6500000	2.39E+00	5.22E-05	2700000
7000000	2.41E+00	4.87E-05	2910000
8000000	2.45E+00	4.31E-05	3320000
9000000	2.48E+00	3.86E-05	3730000
10000000	2.51E+00	3.50E-05	4130000
