1	48.836876	68.418064	0.0017
1.1	51.216803	70.701246	0.0018
1.2	53.499985	72.829636	0.0019
1.3	55.686422	74.783885	0.002
1.4	57.776114	76.583342	0.0021
1.5	59.807759	78.286054	0.0022
1.6	61.762008	79.872672	0.0023
1.7	63.677559	81.362545	0.0024
1.8	65.515714	82.775022	0.0025
2	69.056581	85.367788	0.0027
2.25	73.255314	88.23144	0.0029
2.5	77.221859	90.785508	0.0031
2.75	80.975565	93.06869	0.0033
3	84.574479	95.119684	0.0036
3.25	88.03795	96.996537	0.0038
3.5	91.365978	98.699249	0.004
3.75	94.558563	100.247169	0.0042
4	97.673752	101.678995	0.0044
4.5	103.594546	104.213714	0.0048
5	109.205756	106.400151	0.0052
5.5	114.526731	108.296353	0.0056
6	119.615518	109.960367	0.006
6.5	124.510815	111.430891	0.0064
7	129.193273	112.727274	0.0068
8	138.132511	114.894362	0.0075
9	146.510628	116.616423	0.0083
10	154.424369	117.990202	0.009
11	161.970479	119.112444	0.0098
12	169.168307	119.983149	0.0105
13	176.0759	120.699062	0.0113
14	182.712607	121.260183	0.012
15	189.136475	121.685861	0.0128
16	195.4249	121.995445	0.0135
17	201.42309	122.227633	0.0142
18	207.22779	122.382425	0.015
20	218.45021	122.498519	0.0165
22.5	231.60753	122.343727	0.0183
25	245.15183	121.976096	0.0202
27.5	259.66358	121.434324	0.022
30	273.78835	120.757109	0.0238
32.5	287.33265	120.002498	0.0257
35	300.29648	119.18984	0.0275
37.5	312.87333	118.299786	0.0293
40	325.0632	117.390383	0.0311
45	348.08851	115.51353	0.0348
50	369.5659	113.597979	0.0384
55	389.68886	111.663079	0.0421
60	408.65088	109.766877	0.0458
65	426.83894	107.909373	0.0494
70	444.05955	106.071218	0.0531
80	476.56587	102.569049	0.0604
90	506.9438	99.299068	0.0678
100	535.77381	96.203228	0.0751
110	563.24939	93.339576	0.0825
120	589.56403	90.630716	0.0898
130	615.10471	88.115346	0.0971
140	639.67794	85.735419	0.1043
150	663.6707	83.510284	0.1115
160	687.27648	81.420592	0.1187
170	710.1083	79.427645	0.1259
180	732.55314	77.570141	0.133
200	776.08839	74.126019	0.147
225	828.33069	70.294917	0.1643
250	878.63809	66.908842	0.1813
275	926.8171	63.871049	0.198
300	973.64168	61.162189	0.2144
325	1018.72485	58.704866	0.2305
350	1062.45359	56.460382	0.2463
375	1105.02139	54.409388	0.2619
400	1146.23476	52.532535	0.2772
450	1225.56566	49.185158	0.307
500	1300.83327	46.321506	0.3358
550	1372.42457	43.806136	0.3638
600	1440.92003	41.581001	0.391
650	1506.31965	39.607403	0.4175
700	1569.01041	37.846644	0.4433
800	1686.84582	34.808851	0.4931
900	1795.97418	32.274132	0.5407
1000	1896.97596	30.145742	0.5865
1100	1991.0121	28.288238	0.6307
1200	2078.0826	26.70162	0.6734
1300	2161.2833	25.289143	0.7149
1400	2238.6793	24.031458	0.7553
1500	2310.2706	22.909216	0.7946
1600	2377.9921	21.903068	0.8331
1700	2441.8438	20.993665	0.8708
1800	2501.8257	20.161658	0.9077
2000	2610.1801	18.708548	0.9797
2250	2730.1439	17.187717	1.07
2500	2834.6285	15.920357	1.15
2750	2923.6339	14.844553	1.23
3000	3002.9648	13.917736	1.31
3250	3070.6863	13.112817	1.39
3500	3130.6682	12.402709	1.47
3750	3180.9756	11.773867	1.54
4000	3227.4132	11.212746	1.62
4500	3299.0045	10.249165	1.77
5000	3353.1817	9.451987	1.91
5500	3393.8146	8.778641	2.06
6000	3420.9032	8.203976	2.2
6500	3440.2522	7.706707	2.34
7000	3449.9267	7.271354	2.48
8000	3455.7314	6.541897	2.77
9000	3444.122	5.957557	3.05
10000	3420.9032	5.475767	3.34
11000	3389.9448	5.071373	3.63
12000	3355.1166	4.726961	3.92
13000	3316.4186	4.430921	4.22
14000	3273.8508	4.171644	4.52
15000	3231.283	3.943326	4.82
16000	3188.7152	3.740162	5.13
17000	3144.2125	3.558281	5.44
18000	3101.6447	3.39575	5.76
20000	3016.5091	3.113254	6.41
22500	2913.9594	2.823019	7.24
25000	2828.8238	2.586961	8.11
27500	2753.3627	2.389602	9
30000	2672.0969	2.221265	9.91
32500	2592.766	2.078083	10.86
35000	2515.37	1.952314	11.83
37500	2443.7787	1.841638	12.83
40000	2376.0572	1.743925	13.86
45000	2248.3538	1.578491	16.02
50000	2134.1947	1.443435	18.29
55000	2031.645	1.330824	20.68
60000	1936.8349	1.235627	23.19
65000	1852.86024	1.153781	25.82
70000	1775.65773	1.08277	28.57
80000	1640.40822	0.965515	34.41
90000	1526.05563	0.872253	40.71
100000	1428.14969	0.796405	47.46
110000	1343.59456	0.733327	54.66
120000	1269.87487	0.679924	62.29
130000	1205.05572	0.63426	70.35
140000	1147.58919	0.594788	78.83
150000	1096.12085	0.55996	87.72
160000	1050.07023	0.529389	97.02
170000	1008.46988	0.502107	106.71
180000	970.54584	0.477533	116.79
200000	904.17877	0.435353	138.09
225000	834.90935	0.392591	166.8
250000	777.05584	0.357957	197.78
275000	727.32891	0.329126	230.96
300000	684.18064	0.304747	266.32
325000	645.67613	0.284043	303.86
350000	611.23491	0.266049	343.57
375000	580.85698	0.250183	385.44
400000	554.34885	0.236251	429.41
450000	508.8787	0.212839	523.38
500000	471.34164	0.193877	625.28
550000	439.80277	0.178069	734.89
600000	412.90766	0.164776	852
650000	389.68886	0.153418	976.43
700000	369.37241	0.143589	1110
800000	335.51166	0.127433	1390
900000	308.22957	0.114662	1700
1000000	286.17171	0.10433	2040
1100000	267.59667	0.095778	2400
1200000	251.73049	0.08856	2780
1300000	238.18619	0.082407	3190
1400000	226.3833	0.077086	3620
1500000	216.12833	0.072443	4070
1600000	207.0343	0.068341	4540
1700000	198.90772	0.064703	5040
1800000	191.5551	0.061452	5550
2000000	178.997599	0.055861	6630
2250000	166.265957	0.050211	8070
2500000	155.933591	0.045644	9630
2750000	147.400682	0.041871	11270
3000000	140.222203	0.038679	13010
3250000	134.127268	0.03597	14830
3500000	128.883689	0.033629	16730
3750000	124.317325	0.031578	18700
4000000	120.312082	0.029778	20740
4500000	113.656026	0.02676	25010
5000000	108.335051	0.024302	29520
5500000	104.000875	0.022271	34220
6000000	100.42131	0.020568	39110
6500000	97.441564	0.019125	44160
7000000	94.906845	0.017871	49350
8000000	90.882253	0.015814	60110
9000000	87.883158	0.014196	71290
10000000	85.580627	0.01289	82810
